Date,Close,High,Low,Open,Volume,RSI_14,MACD,MACD_signal,MACD_diff,SMA_20,SMA_50,EMA_20,EMA_50
2022-09-21,470.6000061035156,477.1000061035156,461.1000061035156,473.8999938964844,219796.0,42.86464438095196,4.546826580874665,13.998601487577693,-9.451774906703028,508.4,462.1452880859375,494.3003628875528,473.39708391027864
2022-09-22,474.6000061035156,479.8999938964844,465.0,468.0,167691.0,44.53338393504283,2.5928682891415633,11.717454847890467,-9.124586558748904,507.85,463.17675048828124,492.42413843193026,473.4442573296213
2022-09-23,461.2999877929688,475.7999877929688,456.2000122070313,474.0,86500.0,40.316924279497066,-0.028529192563496508,9.368258039799674,-9.39678723236317,505.5125,464.0477581787109,489.459933609172,472.96801146543885
2022-09-26,446.8500061035156,456.7000122070313,440.0,455.0,181426.0,36.29604279966145,-3.2347106113764426,6.8476643095644505,-10.082374920940893,502.3550003051758,464.83986083984377,485.4018452753,471.9437759610497
2022-09-27,451.0499877929688,454.8500061035156,438.6499938964844,447.0,225599.0,38.22452121619234,-5.3747720370839716,4.403177040234766,-9.777949077318738,499.69749908447267,465.80358520507815,482.13023980079225,471.12441171916424
2022-09-28,449.7000122070313,454.4500122070313,441.0,448.3500061035156,80204.0,37.8281278112807,-7.09789773602273,2.102962084983267,-9.200859821005997,496.24000091552733,466.5222503662109,479.0416466966245,470.2842391892767
2022-09-29,471.3500061035156,484.0,448.9500122070313,453.0,207042.0,47.271854508246065,-6.6399722293631385,0.35437522211398576,-6.9943474514771244,493.9075012207031,467.4220001220703,478.3091094972808,470.3260339702273
2022-09-30,472.0,478.3999938964844,464.8500061035156,467.5499877929688,177872.0,47.529546230601625,-6.153678120102882,-0.9472354463293878,-5.206442673773494,491.6925018310547,468.1629998779297,477.7082419261112,470.39167969688503
2022-10-03,470.4500122070313,479.5,466.0499877929688,471.4500122070313,168666.0,46.940419644828374,-5.826196825732779,-1.9230277222100662,-3.903169103522713,489.2375030517579,469.03100036621095,477.0169819528655,470.39396724630257
2022-10-04,473.1000061035156,483.0,469.2000122070313,476.25,88818.0,48.124306366569144,-5.291832232125216,-2.5967886241930964,-2.69504360793212,486.8850021362306,469.8670007324219,476.6439366338798,470.5000864171737
2022-10-06,471.4500122070313,482.0,468.2000122070313,475.0,182010.0,47.414918920684784,-4.944488177797496,-3.0663285349139766,-1.878159642883519,484.100001525879,470.8460009765625,476.14927716465616,470.5373384089328
2022-10-07,469.1499938964844,474.8999938964844,460.5,471.6000061035156,438420.0,46.38841135565434,-4.799482323222037,-3.412959292575589,-1.386523030646448,481.0575012207032,471.6330010986328,475.4826787581636,470.482932741778
2022-10-10,460.3999938964844,477.8500061035156,457.6000061035156,469.1499938964844,131454.0,42.60911379934376,-5.329184490455248,-3.796204332151521,-1.5329801583037268,477.287501525879,472.4610009765625,474.0462325808608,470.0875233752959
2022-10-11,443.4500122070313,461.9500122070313,439.7000122070313,461.9500122070313,515270.0,36.419282213904694,-7.035597155218852,-4.4440828967649875,-2.5915142584538646,472.47250213623056,472.69200134277344,471.1323068309723,469.04291509418755
2022-10-12,442.6000061035156,446.0,439.0,444.5,159324.0,36.13578336539243,-8.360159164015215,-5.227298150215033,-3.1328610138001824,467.9375030517579,473.39500122070314,468.41494485692886,468.005938271024
2022-10-13,431.3500061035156,444.8500061035156,428.3999938964844,441.0,185086.0,32.526863296928624,-10.20008484994952,-6.22185549016193,-3.978229359787589,463.78000335693366,474.0180010986328,464.8849506899371,466.56845073504326
2022-10-14,420.7999877929688,439.8999938964844,417.25,435.5,113879.0,29.54673687316918,-12.366978687349672,-7.450880129599479,-4.9160985577501926,460.10250244140633,474.2740008544922,460.6863827949877,464.77360905104035
2022-10-17,410.75,414.9500122070313,400.2999877929688,408.0,362657.0,27.008191061594005,-14.725461732189501,-8.905796450117485,-5.819665282072016,457.60250244140633,474.3030010986328,455.9305368145127,462.655036147078
2022-10-18,416.6000061035156,427.7999877929688,413.8500061035156,413.8500061035156,185331.0,30.73848403289813,-15.938797400291321,-10.312396640152253,-5.626400760139068,454.17250213623055,474.3710009765625,452.184771984894,460.8489565375266
2022-10-19,407.4500122070313,418.7000122070313,405.1000061035156,415.0,163134.0,28.3021470031226,-17.43769183968851,-11.737455680059504,-5.700236159629007,450.7500030517579,474.22800109863283,447.9243186727166,458.75488028927185
2022-10-20,407.9500122070313,413.0,401.5499877929688,411.0,68235.0,28.635016480534134,-18.373433160131412,-13.064651176073887,-5.308781984057525,447.6175033569337,473.9350012207031,444.11724186646086,456.76253252134086
2022-10-21,403.7000122070313,411.8500061035156,399.7999877929688,409.0,68959.0,27.467686822941886,-19.23621130965074,-14.29896320278926,-4.937248106861482,444.07250366210945,473.44800170898435,440.26798189889615,454.6816493717601
2022-10-24,421.1000061035156,424.6000061035156,406.0499877929688,409.0,56910.0,38.51830910124785,-18.304927311866265,-15.100156024604662,-3.204771287261604,442.0625045776368,472.99800170898436,438.4424603945742,453.36472218477013
2022-10-25,409.25,424.3500061035156,408.0,423.25,119331.0,34.646862443657184,-18.31198532400373,-15.742521884484477,-2.569463439519252,440.182504272461,472.392001953125,435.66222607128145,451.63473307948504
2022-10-27,399.5,419.8999938964844,390.3500061035156,419.8999938964844,132728.0,31.813583213565167,-18.88660928993471,-16.371339365574524,-2.5152699243601866,437.6050048828126,471.6450018310547,432.2182045406832,449.5902337430347
2022-10-28,395.1499938964844,409.5,385.7000122070313,401.8999938964844,285449.0,30.610846042556943,-19.468590271045002,-16.99078954666862,-2.477800724376383,434.8775039672852,470.67000183105466,428.68789876504525,447.4553223765033
2022-10-31,401.2999877929688,406.7000122070313,392.0,397.1499938964844,171191.0,34.38755788876986,-19.21209619588717,-17.43505087651233,-1.7770453193748388,431.3750030517578,469.24700134277344,426.0795262915142,445.6453092555804
2022-11-01,402.3500061035156,405.0,386.1499938964844,401.0,309298.0,35.037673654670044,-18.70843588777535,-17.689727878764938,-1.018708009010414,427.8925033569336,467.85700134277346,423.81957198789524,443.94745423000927
2022-11-02,404.0,408.7999877929688,400.5,403.7000122070313,76557.0,36.10898191299271,-17.96900523995936,-17.745583351003823,-0.22342188895553505,424.570002746582,466.40400146484376,421.9319937033338,442.3808873974599
2022-11-03,407.2999877929688,411.75,395.25,402.0,322309.0,38.300520214460285,-16.921657355878494,-17.580798151978758,0.6591407961002638,421.2800018310547,464.88000122070315,420.5384693309181,441.0051658443426
2022-11-04,405.6499938964844,408.2000122070313,395.0,406.0,235567.0,37.605943163966984,-16.039869696493327,-17.27261246088167,1.2327427643883446,417.99000091552733,463.3930010986328,419.1205192895435,439.61868851305405
2022-11-07,406.3500061035156,411.6499938964844,403.0,406.0499877929688,66491.0,38.11866684607361,-15.110378451724785,-16.840165659050292,1.7297872073255078,414.8500015258789,461.8080010986328,417.90427993849323,438.3140343009153
2022-11-09,409.1000061035156,414.8999938964844,407.3500061035156,410.0,124445.0,40.197738812022834,-13.990573306088777,-16.27024718845799,2.279673882369213,412.28500213623045,459.82900146484377,417.0657776684954,437.1683861363114
2022-11-10,400.3999938964844,410.3999938964844,390.2999877929688,409.1000061035156,134900.0,36.06901361007447,-13.647814427235858,-15.745760636213564,2.0979462089777066,410.13250122070315,457.63700134277343,415.4785601663991,435.72648840141625
2022-11-11,407.75,409.5,398.2000122070313,402.1000061035156,103238.0,41.53263270228117,-12.63741522412488,-15.124091553795829,2.4866763296709493,408.39000091552737,455.7080010986328,414.7425068172182,434.62937120920384
2022-11-14,408.3999938964844,414.8999938964844,404.0,411.0,90456.0,42.00466135289842,-11.649924423972209,-14.429258127831105,2.779333703858896,407.24250030517584,453.49900146484373,414.1384579676245,433.6007681773325
2022-11-15,397.2000122070313,411.3999938964844,392.3999938964844,410.4500122070313,140307.0,36.53175436491512,-11.636932456926047,-13.870792993650095,2.2338605367240483,406.06250152587893,451.0830017089844,412.5252726570918,432.1732875510462
2022-11-16,392.6499938964844,399.8999938964844,387.1499938964844,399.0,89909.0,34.56162283600756,-11.857103374105407,-13.468055069741158,1.6109516956357517,405.1575012207032,448.61000183105466,410.6323889656054,430.62335446655356
2022-11-17,395.25,406.0,378.0499877929688,394.0,276228.0,36.663581168815874,-11.687070376468512,-13.11185813108663,1.4247877546181176,404.0900009155274,446.12400207519534,409.1673995403097,429.23616409531616
2022-11-18,391.7000122070313,415.0,382.5,404.7999877929688,248538.0,35.01001690375038,-11.703857562642611,-12.830258017397828,1.1264004547552169,403.3025009155274,443.5550018310547,407.5038388419022,427.7641581389128
2022-11-21,380.1499938964844,393.6499938964844,376.0499877929688,393.6499938964844,276691.0,30.232514051497432,-12.505001604359506,-12.765206734790164,0.2602051304306574,401.9125,440.6150012207031,404.89871075186244,425.8969360117588
2022-11-22,364.2999877929688,383.0,361.2000122070313,380.0,313487.0,25.158760971262936,-14.254559370607751,-13.063077261953682,-1.1914821086540694,399.9424987792969,437.3010009765625,401.0321657081583,423.4813694149435
2022-11-23,372.0499877929688,374.2999877929688,359.1000061035156,367.8999938964844,188083.0,31.235573545156228,-14.84461677298907,-13.41938516416076,-1.4252316088283106,397.4899978637696,434.0260009765625,398.27195828766406,421.4644524885916
2022-11-24,373.3999938964844,377.5,367.1000061035156,373.0,85795.0,32.26727053331457,-15.030050242118648,-13.741518179752337,-1.2885320623663112,395.6974975585938,430.69900085449217,395.90319977421836,419.57957175948934
2022-11-25,367.2000122070313,376.0499877929688,364.4500122070313,371.1000061035156,70762.0,30.038306119734955,-15.498635684702265,-14.092941680742323,-1.4056940039599422,394.08249816894534,427.37700134277344,393.1695628630577,417.52547138488313
2022-11-28,375.8500061035156,377.8999938964844,363.25,366.0499877929688,122296.0,36.61678172728952,-14.999110399431856,-14.27417542448023,-0.7249349749516263,393.1174987792969,424.60400146484375,391.52008126691084,415.8911394130648
2022-11-29,383.7999877929688,389.6000061035156,375.8500061035156,375.8500061035156,160699.0,42.0134671748927,-13.802627828629113,-14.179865905310008,0.3772380766808947,392.24249877929685,422.3930010986328,390.78483426939255,414.6326628789434
2022-11-30,387.4500122070313,394.0,382.2999877929688,383.0499877929688,129087.0,44.35599896393456,-12.416747766295714,-13.82724227750715,1.4104945112114358,391.4974990844727,420.92700134277345,390.46723216821533,413.5666765780841
2022-12-01,389.2999877929688,394.0,387.1000061035156,394.0,89427.0,45.55649123712041,-11.041866499591663,-13.270167121924054,2.228300622332391,390.7624984741211,419.0090008544923,390.35606603723943,412.6150417237659
2022-12-02,392.2000122070313,394.0,385.6000061035156,389.7000122070313,180762.0,47.46973774132486,-9.60750610661239,-12.537634918861722,2.9301288122493307,390.0074996948242,417.3350012207032,390.53167995817194,411.8144523309528
2022-12-05,385.2000122070313,395.25,382.8999938964844,395.25,138059.0,43.49636879414106,-8.932636783262694,-11.816635291741918,2.8839985084792232,388.98500061035156,415.6270013427735,390.02390207711096,410.77074879668135
2022-12-06,386.2999877929688,393.7000122070313,383.5,385.3999938964844,82951.0,44.28555513154087,-8.214349240640274,-11.09617808152159,2.8818288408813153,387.98249969482424,413.8610009765626,389.6692435738593,409.81111111026127
2022-12-07,381.7999877929688,390.0,377.0,387.3999938964844,86358.0,41.71843964304841,-7.916951886840536,-10.46033284258538,2.543380955744844,386.61749877929685,412.27100097656256,388.9197906423459,408.7126356860537
2022-12-08,373.7999877929688,382.3999938964844,370.5499877929688,381.0,235871.0,37.55102022141941,-8.231903226321151,-10.014646919332534,1.7827436930113834,385.2874984741211,410.8100006103516,387.47980941859566,407.3435122392661
2022-12-09,372.6000061035156,377.7000122070313,371.0,374.0,46756.0,36.954701871873446,-8.480574145855542,-9.707832364637136,1.2272582187815946,383.5299987792969,409.2410009765626,386.06268529334994,405.98102180257
2022-12-12,369.6000061035156,375.5499877929688,363.8500061035156,375.2999877929688,106948.0,35.439483808483914,-8.818073309070712,-9.529880553523853,0.7118072444531407,381.5899993896484,407.6390008544923,384.4948110847943,404.55431530456787
2022-12-13,375.3500061035156,377.0,370.2999877929688,372.7000122070313,41566.0,40.47705417902478,-8.523315407782661,-9.328567524375615,0.8052521165929534,380.4974990844727,405.71900085449226,383.6238772770535,403.40904827707567
2022-12-14,371.6499938964844,380.7999877929688,370.0,377.8500061035156,110747.0,38.400646331722704,-8.490405599553412,-9.160935139411174,0.6705295398577622,379.44749908447267,403.7120007324219,382.48350743128503,402.1635951641113
2022-12-15,375.0499877929688,378.3500061035156,369.3500061035156,372.0,764185.0,41.376653896419114,-8.096640218462767,-8.948076155221493,0.8514359367587261,378.43749847412107,401.8040002441407,381.7755531800168,401.1003164436744
2022-12-16,362.3999938964844,378.0,358.04998779296875,374.0,130758.0,34.66608247070032,-8.704981496034804,-8.899457223384156,0.19447572734935115,376.9724975585938,399.5900000000001,379.93026181968037,399.58265673594144
2022-12-19,363.6499938964844,365.9500122070313,360.20001220703125,362.3999938964844,48381.0,35.774531677111,-8.982684987055222,-8.91610277611837,-0.06658221093685235,376.1474975585937,397.43399963378914,378.3797601127093,398.1735327030216
2022-12-20,371.7000122070313,375.0,360.04998779296875,363.5,68673.0,42.53604835166731,-8.455725463941462,-8.82402731368299,0.3683018497415276,376.5174987792969,395.48500000000007,377.74359364550185,397.135355428669
2022-12-21,369.7999877929688,373.5499877929688,356.3500061035156,371.7000122070313,121146.0,41.42745543595493,-8.09807279408875,-8.678836409764143,0.5807636156753926,376.40499877929693,393.6729998779298,376.9870597547844,396.063380227269
2022-12-22,368.0499877929688,370.0,356.5,370.0,131282.0,40.38349881721871,-7.8651759981177065,-8.516104327434856,0.65092832931715,376.1374984741211,392.16499938964853,376.1359100441353,394.96481581808075
2022-12-23,359.8999938964844,368.2000122070313,354.6499938964844,364.7999877929688,140215.0,35.8522813359867,-8.243217326371393,-8.461526927222165,0.21830960085077145,375.7724975585938,390.51099914550787,374.5896323157876,393.5897247623319
2022-12-26,366.6000061035156,374.0,355.04998779296875,356.70001220703125,62019.0,41.64875763815787,-7.910989845366828,-8.351419510851098,0.4404296654842703,375.3099975585938,389.2159991455079,373.82871553366647,392.53130442277046
2022-12-27,365.6000061035156,369.6000061035156,362.9500122070313,366.9500122070313,33558.0,41.05250325793819,-7.640316008735169,-8.209198810427914,0.5688828016927445,374.39999847412116,388.1119995117188,373.0450289212711,391.47517507691737
2022-12-28,365.1499938964844,369.0,363.0,367.0,31060.0,40.76964074593736,-7.377078893886846,-8.0427748271197,0.665695933232854,373.2849975585938,387.1999993896485,372.2931208236724,390.4428150306259
2022-12-29,368.0499877929688,369.5,361.2999877929688,365.1499938964844,54611.0,43.47267563619592,-6.8554311694982175,-7.805306095595404,0.9498749260971868,372.2224975585938,386.22899902343755,371.8890129159863,389.56466494287463
2022-12-30,363.8500061035156,372.1000061035156,361.25,366.0,34733.0,40.584010232712714,-6.703649512574714,-7.584974778991267,0.8813252664165532,370.80499725341804,385.35699890136726,371.12339321956057,388.5562469491743
2023-01-02,364.4500122070313,366.75,361.2999877929688,363.8500061035156,38678.0,41.18526696736581,-6.460473659005686,-7.360074554994151,0.8996008959884652,369.767497253418,384.48699890136726,370.48783312312923,387.6109044102667
2023-01-03,365.7000122070313,368.9500122070313,361.9500122070313,366.4500122070313,50142.0,42.4909325940016,-6.096612535451527,-7.107382151085627,1.0107696156341,368.73749847412114,383.72699890136727,370.0318501787389,386.75165373563004
2023-01-04,366.1000061035156,368.9500122070313,361.3999938964844,365.0,50214.0,42.927549348355306,-5.710150745648775,-6.827935869998257,1.1177851243494814,367.9524993896485,382.62699890136724,369.65738883824145,385.94178520103736
2023-01-05,363.3500061035156,369.9500122070313,361.25,368.9500122070313,44777.0,40.64293376790866,-5.561667568502514,-6.574682209699109,1.0130146411965946,367.43000030517584,381.70899902343757,369.0566857206485,385.0558330795659
2023-01-06,362.9500122070313,365.0,359.0,365.0,137960.0,40.30691621498987,-5.413862112982088,-6.3425181903557055,0.9286560773736179,366.9475006103516,380.9779992675782,368.47509776697063,384.18893814338804
2023-01-09,360.3999938964844,366.9500122070313,358.29998779296875,366.9500122070313,30911.0,38.14193442312795,-5.439783947669412,-6.161971341818447,0.7221873941490351,366.48750000000007,380.2829992675782,367.70604025549574,383.25603836899967
2023-01-10,360.0,370.0,358.0,363.8999938964844,74716.0,37.79896975060149,-5.4300095825694825,-6.015578989968654,0.5855694073991717,365.71999969482425,379.45699951171883,366.97213165973426,382.344036864333
2023-01-11,361.1499938964844,366.5,358.5,361.7999877929688,44652.0,39.48375857574169,-5.26873374828358,-5.86620994163164,0.5974761933480597,365.1949996948243,378.6329992675782,366.41764234894856,381.51289792441736
2023-01-12,362.2999877929688,365.6000061035156,360.3999938964844,363.0,55416.0,41.198969429960734,-4.990598082975055,-5.691087569900324,0.7004894869252691,364.5574996948243,377.79899902343755,366.0254847721886,380.7594504682821
2023-01-13,359.70001220703125,365.3500061035156,355.79998779296875,364.1499938964844,209699.0,38.53941372474796,-4.923218071905183,-5.537513670301296,0.6142955983961134,364.4225006103516,376.8469995117188,365.42305881360215,379.9335901443115
2023-01-16,355.95001220703125,361.5,354.0,360.7999877929688,43909.0,35.02724478942771,-5.113467714834485,-5.452704479207934,0.3392367643734495,364.03750152587895,375.85299987792973,364.52086389869066,378.9930576761829
2023-01-17,347.95001220703125,357.75,344.1000061035156,357.75,341898.0,28.963224949434263,-5.842427204709736,-5.530649024308295,-0.3117781804014408,362.8500015258789,374.68500000000006,362.942687547104,377.7756833440593
2023-01-18,347.79998779296875,351.8999938964844,343.0,349.6000061035156,181254.0,28.862313044503566,-6.358936704682947,-5.696306560383226,-0.6626301442997207,361.75000152587893,373.4589996337891,361.5005256657578,376.60016587146754
2023-01-19,365.0,377.5,353.1000061035156,353.79998779296875,2498202.0,50.259515560467236,-5.319062128834048,-5.620857674073391,0.3017955452393428,361.59750213623045,372.7509997558594,361.8338089356856,376.1452574059198
2023-01-20,372.0499877929688,373.8500061035156,355.45001220703125,360.0,527924.0,56.089530066779105,-3.8813372995551276,-5.272953599169738,1.3916162996146104,362.2050018310547,372.0369995117188,362.806778350665,375.9846585975688
2023-01-23,367.2999877929688,371.8500061035156,361.0499877929688,369.2000122070313,152068.0,51.693268298350304,-3.0896003273330734,-4.836282944802406,1.7466826174693324,362.24000091552733,371.2149993896485,363.23470305945585,375.64408327189824
2023-01-24,365.0,369.1499938964844,361.5,366.0,100184.0,49.66345866765846,-2.617559271870789,-4.392538210216083,1.7749789383452939,362.2100006103516,370.57099914550787,363.4028265776029,375.22666824162775
2023-01-25,353.54998779296875,366.3999938964844,351.25,362.5,73045.0,41.026663516776125,-3.1312880879883664,-4.14028818577054,1.0090000977821738,361.63000030517577,369.78899902343755,362.46446097906636,374.3766023416803
2023-01-27,345.95001220703125,369.0,341.45001220703125,350.0,127612.0,36.490521355083004,-4.10436383866255,-4.133103316348942,0.028739477686391623,360.5250015258789,368.8029992675782,360.8916563341106,373.2618341011059
2023-01-30,342.54998779296875,352.3999938964844,341.0,345.95001220703125,60320.0,34.64501424282291,-5.091198766510047,-4.324722406381163,-0.766476360128884,359.4600006103516,367.81999877929695,359.14483075876376,372.057447971375
2023-01-31,347.45001220703125,354.5,340.1000061035156,340.1000061035156,99154.0,39.40162409841978,-5.415455537160483,-4.542869032537027,-0.872586504623456,358.61000061035156,367.1659991455079,358.0310385157416,371.09245049042033
2023-02-01,349.3999938964844,360.6000061035156,344.0,349.20001220703125,83549.0,41.23460295180959,-5.4522341766918885,-4.724742061368,-0.7274921153238889,357.79499969482424,366.86799926757817,357.20903426628854,370.24176591810914
2023-02-02,349.29998779296875,358.5,346.8999938964844,351.1499938964844,57195.0,41.16583057901557,-5.426893322169917,-4.865172313528383,-0.5617210086415341,356.9549987792969,366.4129992675782,356.45579174502,369.4205197171233
2023-02-03,380.0499877929688,384.8999938964844,352.3500061035156,360.0,1106529.0,62.09810478641355,-2.8922029851835873,-4.470578447859424,1.5783754626758366,357.78999786376954,366.5459991455079,358.70285803530084,369.8373616024506
2023-02-06,399.6499938964844,404.0,375.1000061035156,376.5,1036452.0,69.53764414171523,0.6901583410569287,-3.4384310900761537,4.128589431133083,359.6249969482422,367.19499877929695,362.60258526017543,371.0064844375107
2023-02-07,382.7999877929688,399.0,381.1000061035156,397.0,287293.0,58.8442059187259,2.144826604457137,-2.3217795511694956,4.466606155626632,360.74499664306643,367.333998413086,364.52614740615576,371.46897476517574
2023-02-08,386.2000122070313,393.7000122070313,374.0499877929688,384.8999938964844,192765.0,60.17502660332835,3.531308512180658,-1.151161938499465,4.682470450680123,362.054997253418,367.38199890136724,366.59032500623914,372.04666250799363
2023-02-09,387.25,392.3999938964844,382.7999877929688,385.3999938964844,375917.0,60.59875290511462,4.66110038904219,0.011290527008866014,4.649809862033324,363.35999755859376,367.37799865722656,368.55791310088307,372.64287182140566
2023-02-10,400.0,405.0,387.25,388.0,414883.0,65.41129799063646,6.510241028873395,1.311080627381772,5.199160401491623,365.2449981689453,367.59199890136716,371.5523975674656,373.71570037742896
2023-02-13,390.7999877929688,403.0,388.6000061035156,399.8999938964844,147184.0,59.741067368482994,7.150903051782791,2.479045112261976,4.671857939520815,366.7999969482422,367.5639984130859,373.3855013984659,374.38567243294034
2023-02-14,385.75,391.2000122070313,380.0,391.2000122070313,83813.0,56.8289798429261,7.168506430386287,3.4169373758868384,3.751569054499449,368.2899963378906,367.5749981689453,374.56307269385013,374.8313323375309
2023-02-15,385.7999877929688,391.8999938964844,381.0,385.0,70843.0,56.85140091959169,7.104593500464773,4.154468600802426,2.950124899662347,370.1824951171875,367.5649981689453,375.63325508424236,375.2614756887246
2023-02-16,391.8999938964844,395.0,382.2000122070313,387.1000061035156,77425.0,59.608219221776274,7.460165412624804,4.815607963166902,2.644557449457902,372.38749542236326,367.7669982910156,377.1824683044559,375.91396659883287
2023-02-17,383.75,392.3999938964844,381.8500061035156,389.2999877929688,68957.0,54.589824276623254,7.003589301775662,5.253204230888654,1.750385070887008,373.32499542236326,367.96599853515625,377.8079475135553,376.22126202632967
2023-02-20,373.3999938964844,386.7000122070313,370.0499877929688,385.0,67921.0,48.953331577186844,5.740418479584548,5.350647080627833,0.3897713989567153,373.3924957275391,367.9819982910156,377.38814240716755,376.1106240604534
2023-02-21,383.25,386.6499938964844,370.6000061035156,373.3999938964844,108151.0,53.838278264166455,5.471092328238512,5.3747361301499685,0.0963561980885439,374.18999633789065,368.2549981689453,377.94641455886585,376.3905995874944
2023-02-22,367.8500061035156,382.25,366.0499877929688,382.25,155843.0,46.3673667835198,3.969243638681064,5.093637631856188,-1.124393993175124,374.3324966430664,368.1049981689453,376.9848518488325,376.0556743528286
2023-02-23,378.8999938964844,382.2999877929688,367.8500061035156,368.5,154936.0,51.56134837520472,3.628828521929222,4.800675809870795,-1.1718472879415733,375.59999694824216,368.2499981689453,377.16724632956124,376.167216295717
2023-02-24,366.3999938964844,371.8999938964844,348.04998779296875,360.0,1618396.0,46.120146240615874,2.3236163532840237,4.305263918553441,-1.9816475652694177,376.6224960327148,368.0769982910156,376.14179371688726,375.78418796633537
2023-02-27,367.7000122070313,384.8999938964844,355.0,369.5,993437.0,46.74953379059852,1.37823943278471,3.719859021399695,-2.341619588614985,377.87999725341797,368.18299865722656,375.3378145254724,375.4671614659705
2023-02-28,372.3500061035156,375.1499938964844,365.4500122070313,371.3999938964844,650933.0,49.04244843990011,0.9927927610842175,3.1744457693365997,-2.181653008252382,379.1249969482422,368.3569989013672,375.0532613424289,375.34492007920755
2023-03-01,370.0499877929688,378.9500122070313,368.1000061035156,375.0,119975.0,47.94280593888072,0.4960135062201516,2.6387593167133105,-2.142745810493159,380.1574966430664,368.3239984130859,374.5767590996232,375.13727567582566
2023-03-02,362.8500061035156,373.7999877929688,358.29998779296875,371.9500122070313,147561.0,44.57349679578718,-0.4732110989570515,2.016365233579238,-2.4895763325362896,380.8349975585937,368.18499877929685,373.45992548094625,374.65542196710766
2023-03-03,359.79998779296875,369.6000061035156,358.0,365.1000061035156,100948.0,43.18883212775962,-1.4704886907611012,1.3189944487111702,-2.7894831394722717,379.82249755859374,368.0199987792969,372.1589790344722,374.07285592106297
2023-03-06,358.1000061035156,364.2000122070313,357.0,361.6000061035156,105039.0,42.398258355937294,-2.370684902407106,0.5810585784875149,-2.951743480894621,377.7449981689453,367.9839990234375,370.82002923152396,373.44646965370816
2023-03-08,359.20001220703125,362.5,355.8500061035156,358.1000061035156,75843.0,43.123758273790266,-2.961200707804778,-0.1273932787709437,-2.8338074290338344,376.56499938964845,367.8359991455078,369.713360943477,372.88778504795613
2023-03-09,358.75,365.6499938964844,358.0,361.0,126333.0,42.88578455613982,-3.426008073759249,-0.7871162377686047,-2.638891835990644,375.1924987792969,367.6989990234375,368.6692313298126,372.33336210489904
2023-03-10,357.79998779296875,360.0,353.29998779296875,360.0,91581.0,42.35441018377007,-3.8269150114780928,-1.3950759925105025,-2.4318390189675902,373.7199981689453,367.5519989013672,367.6340652786846,371.7634258573724
2023-03-13,354.79998779296875,359.70001220703125,350.3999938964844,357.79998779296875,98609.0,40.641881694016256,-4.336720560842139,-1.9834049061768297,-2.353315654665309,371.4599975585937,367.2869989013672,366.4117721848069,371.09819299210164
2023-03-14,353.3500061035156,358.70001220703125,350.0,356.70001220703125,104516.0,39.80417168526011,-4.802387601116834,-2.5472014451648306,-2.2551861559520034,369.5874984741211,367.0769989013672,365.1677944627792,370.4021856631375
2023-03-15,358.04998779296875,361.2000122070313,351.25,354.8999938964844,72878.0,43.84462037488505,-4.737571072246112,-2.985275370581087,-1.7522957016650254,368.2024978637695,366.9489984130859,364.48990811327343,369.9177857466603
2023-03-16,353.6000061035156,359.8500061035156,352.0,358.1000061035156,47478.0,41.036109423718905,-4.9877837718935325,-3.385777050843576,-1.6020067210499565,366.5924987792969,366.7069982910156,363.4527745885346,369.27787281947815
2023-03-17,350.8999938964844,358.6499938964844,348.6499938964844,355.3999938964844,79742.0,39.38752684280801,-5.34236411124499,-3.777094462923859,-1.5652696483211308,364.54249877929686,366.402998046875,362.2572716654822,368.55717168524313
2023-03-20,340.29998779296875,352.70001220703125,335.3500061035156,350.8999938964844,207167.0,33.66882382186883,-6.404872110604288,-4.302649992459945,-2.1022221181443426,362.3699981689453,365.9419976806641,360.1661017728619,367.44904682672257
2023-03-21,339.5,344.8500061035156,326.20001220703125,342.04998779296875,350877.0,33.2761483167519,-7.228148092326535,-4.887749612433264,-2.3403984798932713,360.6749984741211,365.4729974365234,358.1979016040179,366.3530057746942
2023-03-22,335.25,341.29998779296875,333.04998779296875,341.29998779296875,163652.0,31.194649225065632,-8.129824168122298,-5.53616452357107,-2.593659644551227,358.2749984741211,364.9699975585938,356.01238716554,365.13328005803953
2023-03-23,340.45001220703125,342.3500061035156,328.0,335.0,212653.0,36.43389633662479,-8.328802180585228,-6.094692054973903,-2.234110125611325,356.9049987792969,364.57899780273436,354.5302562171106,364.1653087697647
2023-03-24,332.20001220703125,342.0,330.0,333.04998779296875,79283.0,32.23950196129097,-9.047901168348574,-6.685333877648838,-2.3625672906997357,354.5699996948242,363.9999981689453,352.4035663113888,362.9117677280889
2023-03-27,328.95001220703125,332.70001220703125,324.1000061035156,330.6000061035156,152658.0,30.738239155203644,-9.767447085617903,-7.301756519242651,-2.465690566375252,352.69750061035154,363.33299865722654,350.16989449192613,361.5799341782435
2023-03-28,327.95001220703125,330.3500061035156,316.0,328.95001220703125,243200.0,30.271151208138733,-10.299656028371771,-7.901336421068475,-2.3983196073032964,350.7100006103516,362.69799865722655,348.05371522669805,360.2611137087842
2023-03-29,335.54998779296875,340.8500061035156,323.54998779296875,326.04998779296875,116499.0,37.98408671226417,-9.99298799058704,-8.319666734972188,-1.6733212556148516,348.86999969482423,362.2899981689453,346.8628840425334,359.29204994737967
2023-03-31,352.1000061035156,355.0,336.0,340.8500061035156,197607.0,50.75776387540388,-8.31861142349743,-8.319455672677236,0.0008442491798064111,347.9725006103516,362.372998046875,347.3616575721507,359.0100090123262
2023-04-03,355.3999938964844,358.0,350.0,352.1000061035156,110428.0,52.84347024767616,-6.6487320507146705,-7.985310948284723,1.3365788975700523,347.6,362.52499816894533,348.12721341256344,358.8684397920971
2023-04-05,359.3500061035156,366.75,355.04998779296875,356.04998779296875,133001.0,55.284879546765076,-4.949552285714617,-7.378159215770702,2.428606930056085,347.57750091552737,362.4119982910156,349.19605081170175,358.88732474548607
2023-04-06,368.3999938964844,372.75,358.1000061035156,359.5,140827.0,60.34985945181223,-2.839944585654905,-6.470516289747542,3.6305717040926373,348.0925003051758,362.33899841308596,351.02499777215723,359.26037059454484
2023-04-10,370.9500122070313,374.3999938964844,363.0,369.0,110545.0,61.667422284898045,-0.9513337350726374,-5.366679778812562,4.415346043739925,348.68000030517584,362.4119989013672,352.9226181945262,359.71878791268153
2023-04-11,369.2000122070313,374.7000122070313,367.2999877929688,372.8500061035156,104754.0,60.18925028572577,0.3995874012533136,-4.213426342799388,4.613013744052702,349.20250091552737,362.4959991455078,354.4728461957172,360.090600630107
2023-04-12,370.5499877929688,374.9500122070313,367.5499877929688,369.2000122070313,393335.0,60.96653272457096,1.561138054503715,-3.058513463338768,4.619651517842483,349.84000091552736,362.8359991455078,356.0040025383126,360.50077267570947
2023-04-13,368.7999877929688,372.5,366.3500061035156,372.3999938964844,45607.0,59.34887074946604,2.313792975944864,-1.9840521754820415,4.297845151426905,350.54000091552734,363.2929986572266,357.2226678006608,360.8262320920726
2023-04-17,364.7999877929688,368.75,361.2999877929688,365.0499877929688,110375.0,55.71024038927473,2.5580235499976993,-1.0756370303860936,3.633660580383793,351.1125,363.73799865722657,357.9443173237378,360.9820656489705
2023-04-18,358.1000061035156,368.1000061035156,355.3500061035156,365.0,81498.0,50.16265148230269,2.185749551022866,-0.4233597141043017,2.6091092651271675,351.11500091552733,363.95099853515626,357.9591448265737,360.8690437060115
2023-04-19,362.1000061035156,363.0,357.5,359.0,70949.0,53.16142697526571,2.1882613803043682,0.0989645047774323,2.089296875526936,351.54000091552734,364.2049987792969,358.3535125672349,360.91731674120774
2023-04-20,370.2999877929688,373.3500061035156,361.0,363.8500061035156,87884.0,58.653824276629884,2.819421479551977,0.6430558997323413,2.1763655798196355,352.51000061035154,364.6249987792969,359.49127211254284,361.28526462559057
2023-04-21,367.5499877929688,371.3999938964844,365.2999877929688,368.5499877929688,30359.0,56.27070836417095,3.0624167541242286,1.126928070610719,1.9354886835135097,353.87250061035155,364.3749987792969,360.25876884401197,361.53094004391914
2023-04-24,372.8999938964844,375.7999877929688,364.25,367.0,63935.0,59.70113338851041,3.6446794446921444,1.6304783454270042,2.01420109926514,355.5425003051758,363.8399987792969,361.46269503948554,361.97678529303937
2023-04-25,373.1000061035156,384.9500122070313,370.1000061035156,384.0,410434.0,59.828011214987036,4.075288743621741,2.1194404250659518,1.955848318555789,357.43500061035155,363.6459991455078,362.571010378917,362.4129900307051
2023-04-26,367.3500061035156,377.0,363.3500061035156,365.0499877929688,326011.0,54.514284213667715,3.9075292058187188,2.4770581812165053,1.4304710246022134,358.7800003051758,363.2689990234375,363.02615282887876,362.6065985041487
2023-04-27,363.7999877929688,370.3500061035156,360.0,367.0,304043.0,51.47455627464615,3.4483710792819124,2.671320760829587,0.7770503184523254,360.35999908447263,362.79999877929686,363.09985139688735,362.65339808410243
2023-04-28,372.1000061035156,374.9500122070313,359.3500061035156,366.5,562526.0,57.44863616849372,3.7114438530156804,2.879345379266806,0.8320984737488746,362.5174987792969,362.2419989013672,363.9570089879948,363.02385330055006
2023-05-02,374.7999877929688,381.3500061035156,368.0,379.7000122070313,212460.0,59.20795068728267,4.090642498797536,3.121604803172952,0.9690376956245834,364.85999755859376,361.9219989013672,364.98967363608756,363.4856624963312
2023-05-03,377.1499938964844,381.0,373.0499877929688,374.7999877929688,82077.0,60.729848300676146,4.528583320715597,3.4030005066814817,1.1255828140341158,366.9399978637695,361.7499987792969,366.147799375173,364.02151862967054
2023-05-04,372.6000061035156,379.0499877929688,370.0499877929688,378.0,71976.0,56.34652996326644,4.457129572970587,3.6138263199393026,0.8433032530312841,367.96499786376955,361.48599914550783,366.7622952540628,364.3579299031547
2023-05-05,366.0,376.0,364.25,374.5,70614.0,50.637151029021375,3.8238575791808103,3.655832571787604,0.16802500739320614,368.4949981689453,360.96799926757814,366.6896957060568,364.42232480891334
2023-05-08,378.9500122070313,379.6000061035156,368.5499877929688,368.8999938964844,154142.0,59.34228045372297,4.317176989972779,3.7881014554246395,0.5290755345481397,369.4749984741211,360.87199951171874,367.8573448966258,364.9920380402121
2023-05-09,375.5499877929688,382.4500122070313,375.1499938964844,382.4500122070313,60787.0,56.52387491788059,4.383255184884831,3.907132201316678,0.4761229835681533,369.83249816894534,360.9149993896484,368.5899775534204,365.40607528541824
2023-05-10,371.8500061035156,379.4500122070313,370.5,378.5,47671.0,53.543647362599295,4.089918989889384,3.9436895590312195,0.1462294308581642,369.8774978637695,360.68699951171874,368.9004564629533,365.6587784547554
2023-05-11,376.3999938964844,379.0,371.3500061035156,373.75,82841.0,56.575758270940895,4.176450410458642,3.9902417293167045,0.18620868114193767,370.2374969482422,360.8579992675781,369.61469812328954,366.0800025897252
2023-05-12,376.8500061035156,382.6499938964844,369.2000122070313,377.9500122070313,201062.0,56.875551811138166,4.232549216189682,4.0387032266913,0.1938459894983815,370.55249786376953,360.81699951171873,370.3037750737873,366.5023556686974
2023-05-15,402.1499938964844,418.75,374.1499938964844,378.7999877929688,2312366.0,69.5877216016626,6.246499737313343,4.480262528815709,1.7662372084976337,372.2199981689453,361.53199951171877,373.33674829499654,367.90030226586555
2023-05-16,398.8999938964844,410.0,396.4500122070313,405.0,259298.0,66.86114516395,7.493936758281336,5.082997374708835,2.410939383572501,373.9249984741211,362.1559991455078,375.77134311418587,369.1159764474585
2023-05-17,391.7999877929688,402.8999938964844,387.7999877929688,398.8999938964844,95905.0,61.217964078576934,7.819490213650624,5.6302959424971935,2.189194271153431,375.60999755859376,362.54499877929686,377.29788070264135,370.0055455198314
2023-05-18,396.7000122070313,398.2000122070313,390.5499877929688,395.0,113151.0,63.507155440263396,8.376327601017294,6.179502274201214,2.1968253268160804,377.33999786376955,363.07799926757815,379.1457027506785,371.05238735070196
2023-05-19,400.5,404.2000122070313,395.0,399.8500061035156,201325.0,65.22162365478442,9.020272413908685,6.747656302142708,2.272616111765977,378.8499984741211,363.8309991455078,381.17944534585195,372.2071956898901
2023-05-22,404.9500122070313,408.2000122070313,395.5499877929688,401.8999938964844,194754.0,67.16696761050349,9.77697918224601,7.353520878163368,2.423458304082641,380.7199996948242,364.73399963378904,383.4433088564404,373.49122771017016
2023-05-23,393.5,412.0,391.2000122070313,404.9500122070313,132851.0,58.153491311024446,9.345030757080394,7.7518228539467735,1.5932079031336208,381.75,365.44199951171873,384.4010889653509,374.27588544702627
2023-05-24,394.5499877929688,399.0,391.1000061035156,395.0,71803.0,58.70081101882575,8.983873259229256,7.99823293500327,0.9856403242259857,382.82249908447267,366.1489990234375,385.36765075845733,375.07094828412204
2023-05-25,399.25,401.8999938964844,391.0,394.5499877929688,128407.0,61.150265274520414,8.97346453230881,8.193279254464379,0.7801852778444314,384.41749877929686,366.9589990234375,386.6897792576519,376.01914639062704
2023-05-26,406.25,407.7999877929688,395.0499877929688,399.0,180234.0,64.52495963570973,9.421452401162412,8.438913883803986,0.9825385173584262,386.5399993896484,367.9279992675781,388.55265742358984,377.2046700615829
2023-05-29,440.0499877929688,442.3500061035156,410.0499877929688,415.0,2562772.0,75.56309604619739,12.361368391285566,9.223404785300303,3.137963605985263,389.93749847412107,369.6329992675781,393.4571650778164,379.6691923255588
2023-05-30,434.5499877929688,442.0,430.3999938964844,440.5499877929688,434139.0,71.65598155726033,14.085104641196494,10.195744756479542,3.889359884716953,392.92499847412114,371.2569989013672,397.3707672411643,381.8213803831043
2023-05-31,450.25,452.7999877929688,431.25,436.0,950026.0,75.54342446171805,16.52751886329787,11.462099577843208,5.065419285454663,396.57999877929694,373.1009991455078,402.4068846467677,384.50485566219834
2023-06-01,440.2999877929688,452.5499877929688,437.0499877929688,450.0,285519.0,69.0772700101792,17.459010298704754,12.661481722015518,4.797528576689237,399.96499786376955,374.8349987792969,406.0157516130726,386.69290005948346
2023-06-02,448.4500122070313,455.6000061035156,443.1000061035156,444.0,561789.0,71.24814704447407,18.63999259823703,13.857183897259821,4.782808700977208,404.08749847412116,376.7859991455078,410.0571097648782,389.11474759468143
2023-06-05,448.5499877929688,466.4500122070313,445.1000061035156,455.1499938964844,586195.0,71.27478742224952,19.3608173229797,14.957910582403798,4.402906740575901,407.567497253418,378.9509991455078,413.72309814850587,391.44554132794764
2023-06-06,455.2999877929688,456.75,443.0,450.0,252399.0,73.0878681451662,20.243391482558877,16.015006762434815,4.228384720124062,411.554997253418,381.2669989013672,417.682801924169,393.9496372677524
2023-06-07,463.8999938964844,468.0,450.0,457.3999938964844,436792.0,75.23278623341079,21.390213416611573,17.090048093270166,4.300165323341407,416.1574966430664,383.8399987792969,422.0844392548657,396.69278850809485
2023-06-08,465.0,469.9500122070313,459.0,465.0,262729.0,75.50174075790376,22.13270728868133,18.0985799323524,4.034127356328931,420.5874969482422,386.33099853515625,426.17163551630705,399.371502684248
2023-06-09,462.75,469.0,459.0499877929688,465.0,105725.0,73.73787937461199,22.28272149285351,18.935408244452624,3.347313248400887,424.8824966430664,388.94199829101564,429.6552892766587,401.85693395153237
2023-06-12,469.2000122070313,471.0,459.7999877929688,464.0,184425.0,75.50455008875589,22.660850729243407,19.68049674141078,2.9803539878326255,428.23499755859376,391.74699829101564,433.4214533652656,404.4978389811598
2023-06-13,468.6000061035156,476.2000122070313,466.7999877929688,471.0,173184.0,74.9991191810499,22.650998781071905,20.27459714934301,2.3764016317288963,431.7199981689453,394.5599981689453,436.77179172128945,407.0116494565463
2023-06-14,471.6000061035156,473.0,468.2999877929688,468.6000061035156,67580.0,75.86891205305085,22.624465217335512,20.74457076294151,1.8798944543940017,435.70999908447266,397.28099853515624,440.08876451959674,409.5445261878
2023-06-15,464.6499938964844,475.7000122070313,462.0,473.4500122070313,67324.0,69.80958252832647,21.79143122105711,20.95394285456463,0.8374883664924795,439.1074981689453,399.5319982910156,442.42792922215745,411.70552492147385
2023-06-16,466.6000061035156,473.7999877929688,459.3999938964844,467.2999877929688,163400.0,70.5209766178146,21.04599038896623,20.97235236144495,0.07363802752128024,442.4124984741211,401.75599853515627,444.7300317822868,413.8582496737108
2023-06-19,463.1499938964844,472.8500061035156,449.0,468.8999938964844,185219.0,67.49089513485302,19.94690055370205,20.76726199989637,-0.8203614461943189,445.32249755859374,403.8319982910156,446.48431388840083,415.79125925107445
2023-06-20,458.8999938964844,469.25,458.0,463.1499938964844,81149.0,63.85125528997496,18.519443838851714,20.31769836768744,-1.7982545288357272,448.59249725341795,405.6419982910156,447.6667596034564,417.48179786462
2023-06-21,456.5,462.0,450.2000122070313,462.0,280229.0,61.823693670687334,16.998565773208384,19.65387184879163,-2.6553060755832476,451.6899978637695,407.352998046875,448.5080205936034,419.01192343855644
2023-06-22,457.0499877929688,460.0,448.2000122070313,457.5,91610.0,62.12054292620375,15.657152459984331,18.854527971030173,-3.1973755110458413,454.57999725341796,409.10999755859376,449.32154127925725,420.5036122367687
2023-06-23,453.25,458.0,449.1000061035156,458.0,53980.0,58.723006111292506,14.124625596224575,17.908547496069055,-3.7839218998444792,456.929997253418,410.76399780273437,449.69568020504227,421.787784305915
2023-06-26,451.3500061035156,456.2000122070313,449.1499938964844,450.1499938964844,53831.0,57.04309351665746,12.611397052006964,16.84911740725664,-4.2377203552496745,457.4949981689453,412.4149981689453,449.8532350525159,422.9470871215072
2023-06-27,453.8500061035156,459.75,452.5499877929688,453.6499938964844,51530.0,58.716596115365526,11.481529707654033,15.775599867336119,-4.294070159682086,458.45999908447266,414.19599853515626,450.2338799145159,424.15896629727223
2023-06-28,471.2000122070313,473.7000122070313,455.6000061035156,456.1499938964844,292844.0,68.02621246629332,11.849508432357084,14.990381580340314,-3.14087314798323,459.5074996948242,416.45799865722654,452.230654418565,426.00371319569416
2023-06-30,465.6000061035156,474.25,462.1000061035156,473.0,135969.0,63.081597062014524,11.556049585250207,14.303515181322293,-2.747465596072086,460.7725006103516,418.5279986572266,453.5039260076079,427.5565089960009
2023-07-03,467.7000122070313,474.8999938964844,465.1000061035156,469.75,109380.0,64.1344093700533,11.361960666740345,13.715204278405905,-2.35324361166556,461.7350006103517,420.4759991455078,454.85593421707676,429.13076402388447
2023-07-04,481.6000061035156,483.0499877929688,468.5499877929688,471.5,410860.0,70.19338773873332,12.189247087949411,13.410012840314607,-1.220765752365196,463.387501525879,422.75699951171873,457.40298868245185,431.1883813603406
2023-07-05,478.4500122070313,484.5,473.0,483.3999938964844,107896.0,67.41398672139462,12.447215601850132,13.217453392621714,-0.7702377907715814,464.5450027465821,424.86799987792966,459.40746711336413,433.04177864844615
2023-07-06,476.2000122070313,484.3999938964844,472.8500061035156,478.3999938964844,85226.0,65.42133276672035,12.327991895056016,13.039561093108574,-0.7115691980525582,465.1600036621095,426.93,461.00675712228485,434.73425839584166
2023-07-07,475.0,483.6000061035156,468.2000122070313,475.75,141559.0,64.32919402397167,11.998365602333934,12.831321994953647,-0.8329563926197139,465.6600036621095,429.0829998779297,462.3394469201625,436.31330708620084
2023-07-10,484.7000122070313,487.0,472.2000122070313,475.0,172220.0,68.85520136356375,12.377168020820989,12.740491200127117,-0.36332317930612845,466.757504272461,431.5010003662109,464.469024566531,438.2108249340766
2023-07-11,483.3999938964844,488.0,478.6000061035156,488.0,135950.0,67.61691929657223,12.429195030237906,12.678231966149276,-0.24903693591137,467.46750335693366,433.7270001220703,466.27197402652655,439.9829492071122
2023-07-12,487.4500122070313,489.4500122070313,478.2999877929688,483.0499877929688,134407.0,69.45959865735918,12.651392067742165,12.672863986467856,-0.021471918725691097,468.4100036621095,435.98000061035157,468.28893004371747,441.8444026580894
2023-07-13,486.8500061035156,494.3500061035156,484.3500061035156,489.0,197438.0,68.83468173826722,12.633438922854111,12.664978973745107,-0.031540050890995985,469.1725036621095,438.1740008544922,470.05665157322204,443.60932828340026
2023-07-14,493.1499938964844,494.6000061035156,483.6000061035156,489.2999877929688,87959.0,71.7124394899999,12.97796538344528,12.727576255685143,0.2503891277601369,470.5975036621095,440.5850006103516,472.25601750877087,445.55209948391337
2023-07-17,489.1499938964844,497.0,487.3999938964844,493.9500122070313,91068.0,67.45358622464744,12.780908161589878,12.738242636866092,0.04266552472378571,471.7250030517579,443.0480004882813,473.864967640934,447.261820833426
2023-07-18,489.3999938964844,494.7000122070313,486.0,491.9500122070313,84652.0,67.58316488730259,12.500810245189427,12.69075615853076,-0.18994591334133304,473.0375030517579,445.25700012207034,475.3444939509864,448.9142982084479
2023-07-19,484.6000061035156,491.7999877929688,482.8500061035156,491.7999877929688,47073.0,62.44276084726653,11.755995925548405,12.50380411193429,-0.7478081863858854,474.32250366210945,447.43800048828126,476.2259712988464,450.3137377337447
2023-07-20,482.0499877929688,487.0499877929688,478.0,487.0499877929688,47098.0,59.838828696678036,10.835060215295357,12.170055332606506,-1.3349951173111485,475.6000030517579,449.6420001220703,476.7806395363819,451.5582965595966
2023-07-21,482.5,488.1499938964844,480.3500061035156,482.8999938964844,48046.0,60.15461354588727,10.025951328161739,11.741234531717552,-1.7152832035558134,476.87250366210947,451.7640002441406,477.325340532917,452.77169669451445
2023-07-24,478.6499938964844,485.4500122070313,473.8500061035156,481.0499877929688,143408.0,56.09110897827354,8.97065525929338,11.187118677232718,-2.2164634179393374,478.1425033569337,453.8,477.45149799611386,453.7865318789054
2023-07-25,478.2999877929688,485.5,475.7000122070313,479.9500122070313,54111.0,55.722588204247955,8.013705940562772,10.55243612989873,-2.5387301893359577,479.4900024414063,455.3229998779297,477.53230654819527,454.74784387553535
2023-07-26,491.0,494.8999938964844,472.8999938964844,476.0,546057.0,64.76783603423826,8.185741425986464,10.079097189116277,-1.8933557631298132,481.34750213623056,457.165,478.8149440197957,456.16949705688694
2023-07-27,489.2999877929688,493.3999938964844,482.7999877929688,491.0,185609.0,62.915049558926036,8.091628750746338,9.68160350144229,-1.5899747506959514,482.2525009155273,459.115,479.81351961724073,457.46873198771374
2023-07-28,510.4500122070313,518.5999755859375,485.6000061035156,486.1000061035156,530656.0,73.19045461897963,9.612862890061763,9.667855379166184,-0.05499248910442134,484.4950012207031,461.39,482.7312808162684,459.5464292512164
2023-07-31,517.2000122070312,525.0,513.0999755859375,517.1500244140625,275307.0,75.52156324048555,11.233626242630123,9.981009551858973,1.2526166907711502,486.9700012207031,463.7240002441406,486.0140171391982,461.8073540730131
2023-08-01,501.4500122070313,522.5,497.3500061035156,520.0,127031.0,61.97955730980476,11.119026291022692,10.208612899691717,0.9104133913309749,487.9625015258789,465.6540002441406,487.48411190756326,463.36196811748437
2023-08-02,499.0499877929688,501.9500122070313,491.0499877929688,500.0,102714.0,60.20787791643874,10.711072514812145,10.309104822715803,0.401967692096342,488.9925003051758,467.765,488.5856238966495,464.7614983008367
2023-08-03,505.1000061035156,507.2999877929688,491.4500122070313,498.4500122070313,115096.0,63.073387380850576,10.752009649222884,10.397685788017219,0.35432386120566584,490.4375,469.97600036621094,490.1584222020653,466.34340056760846
2023-08-04,506.7000122070313,513.5,502.1000061035156,507.0,146736.0,63.815511955343545,10.789188692711491,10.475986368956073,0.31320232375541757,492.0225006103516,472.12500061035155,491.73381172634777,467.9260127887623
2023-08-07,512.3499755859375,518.2000122070312,503.7000122070313,511.1000061035156,99701.0,66.38462920720025,11.146073185013222,10.610003732167504,0.5360694528457177,493.4049987792969,474.2470001220703,493.69725590345155,469.6681289768868
2023-08-08,509.0,516.2000122070312,508.75,512.3499755859375,55222.0,63.5055483882348,11.031428245516565,10.694288634837317,0.33713961067924814,494.6849990844727,475.6260003662109,495.15466010312286,471.2105552915187
2023-08-09,514.8499755859375,517.5,505.0,508.75,54317.0,66.2576164781001,11.282557148828744,10.811942337635603,0.4706148111931405,496.054997253418,477.2320001220703,497.0304044348195,472.9219051069861
2023-08-10,517.2999877929688,524.5,513.0499877929688,515.0,201148.0,67.36751026611864,11.546176982482393,10.958789266604962,0.5873877158774317,497.57749633789064,478.5729998779297,498.96084094511946,474.6622220750639
2023-08-11,517.3499755859375,519.9000244140625,512.0499877929688,519.9000244140625,55798.0,67.3910782536372,11.625124003929557,11.092056214069881,0.5330677898596754,498.7874954223633,480.11399963378904,500.7121871013878,476.33625162450994
2023-08-14,514.2000122070312,520.0,505.25,517.3499755859375,56562.0,64.24245537626877,11.30321790784086,11.134288552824078,0.16892935501678252,500.0399963378906,481.4289996337891,501.99674187335387,477.82110498068727
2023-08-16,517.25,523.0499877929688,512.0,515.0,56188.0,65.90358761274226,11.165504546437319,11.140531751546726,0.024972794890592453,501.43249664306643,482.80299987792966,503.44943312351063,479.36733615791525
2023-08-17,519.9000244140625,533.0,506.75,518.0,205001.0,67.32396054070242,11.141765204619787,11.14077844216134,0.000986762458447643,503.19749755859374,484.0950006103516,505.01615610356316,480.95685334443084
2023-08-18,512.7000122070312,519.0499877929688,508.5,519.0499877929688,109445.0,60.00950827136403,10.4218343738072,10.996989628490514,-0.5751552546833132,504.72999877929686,485.0710009765625,505.74795192294107,482.2016831037485
2023-08-21,510.3500061035156,518.5499877929688,506.8999938964844,506.8999938964844,89317.0,57.80213159819442,9.551553784442206,10.707902459680852,-1.1563486752386467,506.1224990844727,485.97800109863283,506.18624279728147,483.30553890766095
2023-08-22,528.25,554.9000244140625,524.9000244140625,524.9000244140625,1833520.0,67.58335229143874,10.188780143098768,10.604077996364436,-0.4152978532656686,508.6024993896484,487.28800109863283,508.28755300706416,485.068066793635
2023-08-23,525.8499755859375,535.0,524.5,535.0,305594.0,65.3946230245242,10.380465170062848,10.55935543110412,-0.17889026104127126,510.97999877929686,488.42100036621093,509.9601646812426,486.66735733450963
2023-08-24,527.6500244140625,538.9500122070312,521.1500244140625,535.0,171405.0,66.27675780679903,10.555943486080992,10.558673042099494,-0.0027295560185027767,512.8125,489.60200073242186,511.64491322722546,488.27452074939407
2023-08-25,532.5499877929688,535.0999755859375,525.25,529.7999877929688,197884.0,68.62160888340404,10.964011114485686,10.639740656576734,0.3242704579089519,514.975,490.8210003662109,513.6358727096772,490.0108135746323
2023-08-28,530.1500244140625,549.75,527.0999755859375,534.0,303456.0,66.19387967110475,10.967326153642261,10.705257755989841,0.2620683976524205,515.9600006103516,492.1310009765625,515.2086490624758,491.58490027421783
2023-08-29,537.0499877929688,541.25,525.0499877929688,532.7999877929688,219261.0,69.53136385795156,11.395364061798546,10.843279017151582,0.5520850446469634,516.9524993896484,493.54000061035157,517.288776560618,493.3678448827963
2023-08-30,559.3499755859375,588.0,555.5499877929688,570.9500122070312,2326900.0,77.3233117055329,13.379776103675908,11.350578434456448,2.02919766921946,519.8474975585938,495.4640002441406,521.2946050392198,495.9553794201744
2023-08-31,567.5,573.0,561.0499877929688,562.0,975858.0,79.39708232646487,15.432183199673887,12.166899387499937,3.2652838121739496,523.2699981689453,497.63600036621096,525.6951188450084,498.76105081546166
2023-09-01,568.25,575.0,565.0,568.0,242264.0,79.58212785876519,16.92415818144252,13.118351146288456,3.805807035154066,526.4274978637695,499.8710003662109,529.7479646692933,501.48610764622794
2023-09-04,566.8499755859375,575.0,564.0,572.4500122070312,267116.0,78.17071844601814,17.788533690464874,14.05238765512374,3.736146035341134,529.4349960327148,502.06700012207034,533.2814895184976,504.0493965850401
2023-09-05,563.7000122070312,572.25,561.0,569.0,181777.0,74.94992236783227,18.011753507017374,14.844260825502468,3.167492681514906,532.0024978637696,504.27600036621095,536.1784916793102,506.3886364133535
2023-09-06,554.5999755859375,568.8499755859375,551.5,565.0,226536.0,66.43399735163752,17.255449832183217,15.32649862683862,1.9289512053445979,534.2824966430665,506.3409997558594,537.9329187180367,508.2792771652195
2023-09-07,560.7000122070312,569.5,555.0499877929688,557.0,356466.0,68.97847029164508,16.952873523016592,15.651773606074215,1.301099916942377,536.5749984741211,508.4779998779297,540.1012133360362,510.3349922648984
2023-09-08,574.2000122070312,579.0,562.5499877929688,567.9500122070312,292888.0,73.72546974762388,17.59954024919068,16.04132693469751,1.5582133144931731,539.4199996948242,510.5379998779297,543.3487179904166,512.8395028508644
2023-09-11,589.3499755859375,598.9500122070312,574.2000122070312,574.2000122070312,645098.0,77.82617923502377,19.11416749508942,16.65589504677589,2.4582724483135294,543.0199996948243,513.0129992675782,547.729790142371,515.8399135463575
2023-09-12,567.0499877929688,590.0,563.2999877929688,590.0,324144.0,62.39065700970577,18.30409958750738,16.985535954922188,1.3185636325851924,545.6624984741211,514.9999987792969,549.5698089662375,517.848151752107
2023-09-13,590.0,594.9000244140625,565.0,567.0499877929688,295885.0,69.16801060077805,19.29160747600247,17.446750259138245,1.8448572168642237,549.2999984741211,517.1679986572266,553.4203033504053,520.6776359971225
2023-09-14,589.5,596.4000244140625,579.0,585.5499877929688,203057.0,68.87679870062959,19.805562574099667,17.91851272213053,1.887049851969138,552.779997253418,519.3889984130859,556.856464936081,523.3765522325294
2023-09-15,578.7000122070312,592.2000122070312,572.9000244140625,592.2000122070312,275291.0,62.732988970670526,19.12099204269566,18.15900858624356,0.9619834564521028,556.079997253418,521.438998413086,558.9368027714096,525.5460996825099
2023-09-18,567.0,584.75,566.0,584.75,192528.0,56.819917401046105,17.433410258924255,18.0138889207797,-0.5804786618554445,558.9124969482422,523.2789984130859,559.7047263169896,527.1717428322154
2023-09-20,561.4000244140625,566.7000122070312,554.2999877929688,565.9500122070312,157700.0,54.187233971105236,15.465837757559484,17.504278688135656,-2.038440930576172,560.5699981689453,524.8129986572266,559.8661832786156,528.5140283844447
2023-09-21,565.0,570.0,556.0,556.0,194729.0,55.61110445220963,14.035221026792215,16.81046715586697,-2.7752461290747554,562.5274993896485,526.4449987792968,560.3551182044617,529.944850800741
2023-09-22,556.0999755859375,569.2999877929688,555.0,562.1500244140625,118050.0,51.3610527308655,12.044448466501763,15.857263417993929,-3.8128149514921663,563.9499969482422,527.817998046875,559.9498665265071,530.970541968788
2023-09-25,541.9000244140625,561.5,538.0,557.0999755859375,272666.0,45.399442832702924,9.21470806548075,14.528752347491293,-5.314044282010544,564.4174987792969,528.9189984130859,558.2308339443695,531.3991491235047
2023-09-26,537.5,553.9500122070312,536.0,541.5,187547.0,43.706551439526436,6.541664971074965,12.931334872208028,-6.389669901133063,564.7849975585938,529.8059985351563,556.2564688068104,531.6383981774849
2023-09-27,531.5499877929688,544.2000122070312,530.0999755859375,538.6500244140625,288798.0,41.455388072539726,3.8982067014374024,11.124709238053903,-7.2265025366165005,564.5099975585938,530.6539984130859,553.903470615016,531.6349311035823
2023-09-28,527.7999877929688,542.5499877929688,523.5499877929688,533.0,211204.0,40.055103124248994,1.4835518554087912,9.19647776152488,-7.712925906116089,562.9324981689454,531.4219982910156,551.4174246319639,531.4845411698327
2023-09-29,550.0499877929688,554.5499877929688,529.7999877929688,532.9000244140625,731135.0,50.696459215902976,1.3497504591707639,7.627132301054057,-6.277381841883293,562.0599975585938,532.7309979248047,551.2871925520595,532.2125979001518
2023-10-03,548.9000244140625,559.3499755859375,546.7999877929688,554.0,237076.0,50.20044852803528,1.1378035634114667,6.329266553525539,-5.191462990114072,561.0924987792969,534.0679986572266,551.0598432055837,532.8670067830502
2023-10-04,537.2999877929688,549.5499877929688,533.9000244140625,548.0,205775.0,45.37748616316436,0.03342283412916913,5.070097809646265,-5.036674975517096,559.6149993896485,535.1639984130859,549.7493807853347,533.040849175596
2023-10-05,537.1500244140625,546.4500122070312,530.9000244140625,540.0,157185.0,45.3168716338238,-0.8441765006243713,3.887242947592138,-4.73141944821651,558.2875,536.3339990234375,548.5494420833087,533.2019933025947
2023-10-06,533.2000122070312,544.1500244140625,531.0499877929688,539.7999877929688,273011.0,43.66246428100836,-1.8372347708569805,2.7423474039023144,-4.579582174759295,557.2175018310547,537.4319995117188,547.0875916189013,533.2019156125726
2023-10-09,525.6500244140625,533.2000122070312,525.0,531.0,84674.0,40.610670490837286,-3.19661295727758,1.5545553316663354,-4.751168288943916,555.4650024414062,538.125,545.0459185517739,532.9057630165526
2023-10-10,525.2000122070312,539.0,519.9500122070312,528.25,363019.0,40.42928367512472,-4.2611226189112585,0.3914197415508166,-4.652542360462075,553.0150024414063,538.8430004882813,543.1558322332269,532.6035767102968
2023-10-11,527.8499755859375,543.0,526.75,530.0,220339.0,42.070131701643845,-4.8351872680971155,-0.6539016603787698,-4.181285607718346,549.9400024414062,539.1909997558594,541.6981316001517,532.4171609799298
2023-10-12,523.2000122070312,532.8499755859375,521.0999755859375,532.0,157033.0,39.98867721640556,-5.600788419274068,-1.6432790121578296,-3.957509407116238,547.7475036621094,539.3109997558594,539.936405943664,532.0557041653063
2023-10-13,521.0999755859375,532.7000122070312,520.5499877929688,523.0499877929688,211554.0,39.049028975882756,-6.304316021231898,-2.5754864139726434,-3.7288296072592546,544.3025024414062,539.7039990234375,538.1424601953091,531.6260677504291
2023-10-16,522.0499877929688,528.0,520.0999755859375,521.1500244140625,553088.0,39.73887552923243,-6.7078843535869055,-3.401966001895496,-3.3059183516914095,540.9300018310547,540.1639990234376,536.6098437760386,531.2505352030778
2023-10-17,525.5999755859375,531.7000122070312,524.0,527.25,105393.0,42.3639893600283,-6.664437333017531,-4.054460268119904,-2.6099770648976275,538.275,540.573998413086,535.5612849007908,531.0289446298566
2023-10-18,522.4000244140625,529.9000244140625,517.5,526.0,137604.0,40.64520496557222,-6.809716400891716,-4.605511494674266,-2.2042049062174502,536.0450012207032,540.8879986572266,534.3078315211023,530.6905556017863
2023-10-19,521.5499877929688,527.9500122070312,516.9500122070312,518.9000244140625,110006.0,40.178866541415054,-6.91374461585599,-5.06715811891061,-1.8465864969453794,534.0524993896485,541.0719989013672,533.0927987850896,530.3321019622248
2023-10-20,518.0999755859375,529.5,515.2000122070312,522.9000244140625,170340.0,38.260169308690415,-7.19167373964126,-5.492061243056741,-1.6996124965845194,531.7074981689453,541.2539984130859,531.6649108613608,529.8524107317821
2023-10-23,499.1499938964844,521.9000244140625,494.0,518.25,232559.0,29.833048064650797,-8.839147532766788,-6.16147850099875,-2.677669031768038,528.8599990844726,540.9399987792968,528.5682521028011,528.6483943852999
2023-10-25,507.25,513.5499877929688,497.1000061035156,499.1499938964844,715142.0,36.292344453569534,-9.383017994533247,-6.80578639970565,-2.5772315948275972,527.1274978637696,540.7389990234375,526.5379423787249,527.8092416643077
2023-10-26,500.0,513.0,496.1499938964844,506.6000061035156,333785.0,33.334446456391504,-10.280545929027994,-7.5007383055701204,-2.7798076234578737,525.2524978637696,540.3919995117187,524.0105192950368,526.7186831676682
2023-10-27,505.5,513.75,496.8500061035156,501.6000061035156,276439.0,37.496268275240354,-10.427833673386658,-8.086157379133429,-2.3416762942532294,523.9499984741211,540.2179992675781,522.2476126955095,525.8865779454068
2023-10-30,499.5499877929688,508.0499877929688,498.0499877929688,505.5499877929688,188425.0,34.95401447323155,-10.89903919134099,-8.648733741574942,-2.2503054497660475,522.5374984741211,539.8639990234375,520.0859341333628,524.8537704884484
2023-10-31,490.8500061035156,507.7000122070313,490.0,502.0499877929688,135040.0,31.58223695523722,-11.83802736221503,-9.28659246570296,-2.5514348965120703,519.5774993896484,539.2829986572266,517.3015600352821,523.5202895321765
2023-11-01,478.3999938964844,496.0499877929688,475.0,493.6000061035156,202242.0,27.494820740507066,-13.431958927281642,-10.115665758018697,-3.316293169262945,516.0524978637695,538.5969982910157,513.5966489744443,521.7508661739141
2023-11-02,484.2000122070313,491.3500061035156,481.0,484.0,155170.0,31.915590738323132,-14.065015428674485,-10.905535692149854,-3.1594797365246308,513.3974990844727,538.073998413086,510.79696928230976,520.2782836654089
2023-11-03,490.25,493.6000061035156,482.1000061035156,486.1000061035156,190636.0,36.2798965916339,-13.918094682136598,-11.508047490147204,-2.4100471919893938,511.05249786376953,537.313998413086,508.84011506494693,519.1007039138243
2023-11-06,495.0,508.7999877929688,491.6499938964844,493.9500122070313,177086.0,39.555906225822184,-13.265457690608173,-11.859529530239397,-1.4059281603687754,509.14249725341796,536.6969989013672,507.5220088682853,518.1555782701449
2023-11-07,500.6000061035156,503.9500122070313,494.5,495.1000061035156,91590.0,43.25964478337384,-12.15623497171589,-11.918870618534697,-0.2373643531811922,507.88999633789064,536.1559985351563,506.8627705097358,517.4671244596889
2023-11-08,510.2000122070313,511.4500122070313,498.1000061035156,502.1499938964844,127769.0,49.0260174959445,-10.382840788010299,-11.611664652429818,1.2288238644195193,507.13999633789064,535.7089990234375,507.18060305233536,517.182139665467
2023-11-09,508.8500061035156,515.0,507.5,512.5499877929688,107499.0,48.282907707275456,-8.98279921315941,-11.085891564575737,2.1030923514163273,506.1899978637695,535.2829986572266,507.33959381911444,516.8553893297043
2023-11-10,506.7000122070313,511.25,501.0,505.0,54372.0,47.059531187008545,-7.955041945822984,-10.459721640825187,2.5046796950022028,505.36499786376953,534.6759991455078,507.27868128463035,516.4571392464622
2023-11-13,509.4500122070313,520.9500122070312,505.1000061035156,519.5,67909.0,48.8449312567181,-6.83979004753013,-9.735735322166176,2.8959452746360466,504.7824996948242,533.6779998779298,507.4854747058114,516.1823499507983
2023-11-15,509.8999938964844,517.3499755859375,509.0,513.9000244140625,99349.0,49.1471420435002,-5.8521748921873495,-8.959023236170411,3.106848343983062,504.175,532.5259997558594,507.7154289144469,515.9359830467075
2023-11-16,508.0,520.9000244140625,506.5,512.4500122070312,114311.0,47.86141473601954,-5.163277347496546,-8.199874058435638,3.036596710939092,503.2950012207031,531.3209997558595,507.7425309225948,515.624768025268
2023-11-17,511.1499938964844,513.9000244140625,506.5,508.0,83272.0,50.188039900695074,-4.313420472050609,-7.422583341158633,3.109162869108024,502.73249969482424,530.2070001220704,508.0670512058224,515.4492866868844
2023-11-20,516.3499755859375,517.0,508.1499938964844,511.0,122882.0,53.84923496664417,-3.183609047718676,-6.574788482470643,3.391179434751967,502.47249908447264,529.2599993896484,508.85590114678575,515.4846078201806
2023-11-21,524.5499877929688,544.0,515.0,515.0,677977.0,58.97055847229291,-1.6080166839607841,-5.5814341227686715,3.9734174388078873,502.79499969482424,528.6589996337891,510.35057606546985,515.8401129171527
2023-11-22,525.7000122070312,531.9000244140625,520.6500244140625,525.4000244140625,122518.0,59.64688682762432,-0.2635134065733382,-4.517849979529605,4.254336572956267,504.12250061035155,527.9589996337891,511.8124271265709,516.2267756344029
2023-11-23,525.6500244140625,539.9500122070312,522.5,532.0,346367.0,59.60089757244699,0.7888877236396183,-3.4565024388957606,4.245390162535379,505.04250183105466,526.9879998779297,513.1302935349034,516.5963148022327
2023-11-24,524.0,530.3499755859375,519.0,529.2999877929688,86983.0,58.01092555748833,1.4728024709907004,-2.470641456918469,3.9434439279091693,506.2425018310547,525.6810003662109,514.1655036744364,516.8866553982235
2023-11-28,521.25,527.0,517.0,526.9500122070312,97404.0,55.36021996516139,1.77247582038558,-1.622018001457659,3.394493821843239,507.0300018310547,524.7650006103515,514.8402176102044,517.0577669512344
2023-11-29,526.4500122070312,527.9000244140625,520.5499877929688,523.5999755859375,91705.0,59.16028280521471,2.4018792665364117,-0.8172385478588449,3.219117814395257,508.3750030517578,523.4940008544922,515.9459123337117,517.4260902945989
2023-11-30,528.25,533.0,520.5499877929688,523.9000244140625,224099.0,60.41641048817543,3.0112185509478877,-0.051547128097498396,3.062765679045386,510.24500274658203,522.2690008544922,517.1177302066916,517.8505573418696
2023-12-01,534.9500122070312,538.0,527.0999755859375,532.9500122070312,220091.0,64.7611478785508,3.988779151535482,0.7565181278290977,3.2322610237063842,513.0725036621094,521.3940008544922,518.8160427781525,518.521124199327
2023-12-04,548.9000244140625,555.0,540.4000244140625,555.0,269146.0,71.72094945894813,5.822039522909677,1.7696224068452135,4.052417116064463,516.307504272461,521.0320013427735,521.6811838863343,519.7124536195128
2023-12-05,540.1500244140625,549.0,538.0,546.4000244140625,221857.0,63.27882654815146,6.494000901930349,2.7144981058622406,3.7795027960681082,518.8025054931641,520.6070013427734,523.4401210794513,520.5139269840049
2023-12-06,535.4000244140625,542.5,531.25,540.0,128106.0,59.20472149712705,6.567543282622523,3.4851071412142973,3.082436141408226,520.8225067138671,520.0150018310546,524.5791594922714,521.0976955106738
2023-12-07,529.8499755859375,539.7999877929688,528.5,538.0999755859375,280882.0,54.76775052539658,6.107579221005267,4.009601557172491,2.0979776638327756,522.2850051879883,519.4900018310547,525.0811419773825,521.440922180292
2023-12-08,529.8499755859375,536.6500244140625,527.5,528.5,148593.0,54.767750525396586,5.677606475054404,4.343202540748874,1.3344039343055298,523.2675033569336,519.2490008544922,525.5353166067687,521.7706889805133
2023-12-11,533.1500244140625,545.0,529.4000244140625,533.4000244140625,232773.0,56.99048564859164,5.539282931324465,4.582418618863992,0.956864312460473,524.4825042724609,519.1620013427735,526.26052687413,522.2169374288878
2023-12-12,533.25,535.5499877929688,528.9000244140625,535.0,96534.0,57.05932973174998,5.375759313533081,4.7410867577978095,0.6346725557352713,525.8100036621094,519.196001586914,526.9261909813558,522.6496065493236
2023-12-13,532.9000244140625,537.9000244140625,520.2000122070312,534.75,118392.0,56.717078978773046,5.158462024208347,4.824561811079917,0.3339002131284303,526.9825042724609,519.298002319336,527.4951274987565,523.0515837204898
2023-12-14,539.1500244140625,542.8499755859375,533.4500122070312,539.9000244140625,298035.0,61.1936686242012,5.428004466769153,4.945250342217764,0.48275412455138866,528.4450057983398,519.0800030517578,528.6051176811666,523.6828951202378
2023-12-15,538.75,543.8499755859375,537.0,540.9500122070312,211301.0,60.76051363220953,5.5454160629042235,5.065283486355056,0.48013257654916774,529.9825057983398,518.8770025634766,529.5712969496269,524.2737619782678
2023-12-18,534.0,542.0,532.4500122070312,540.0,109486.0,55.71717939113432,5.195292201609391,5.091285229405923,0.104006972203468,531.1250061035156,518.8110028076172,529.9930781925196,524.6551830771592
2023-12-19,535.4000244140625,541.0,531.5999755859375,535.0,821411.0,56.85392756729652,4.9734558851741895,5.067719360559576,-0.09426347538538682,532.0775085449219,518.7760028076171,530.5080254517143,525.0765494040966
2023-12-20,518.75,541.0,515.1500244140625,540.0,255739.0,42.78686531456976,3.4147678676409896,4.737129061975859,-1.322361194334869,531.7875091552735,518.4870025634766,529.388213503932,524.8284494274653
2023-12-21,522.5499877929688,525.9000244140625,511.2999877929688,516.0,91324.0,46.06669991107804,2.457791747729175,4.281261599126522,-1.8234698513973475,531.6300079345704,518.4250018310547,528.7369539124116,524.7390979908184
2023-12-22,532.3499755859375,536.0,521.0,521.0,106336.0,53.474294169473936,2.461780517633656,3.917365382827949,-1.455584865194293,531.9650054931641,518.5680010986329,529.0810512146522,525.0375637788622
2023-12-26,540.4000244140625,545.0,526.0499877929688,532.3499755859375,2180096.0,58.51476814152027,3.0790202807124842,3.7496963624048565,-0.6706760816923723,532.7850067138672,518.8190020751953,530.1590486622151,525.6400132155368
2023-12-27,538.5,548.6500244140625,536.0,544.0,219088.0,56.946603762873025,3.3759552383480695,3.6749481375934994,-0.2989928992454298,533.6475067138672,519.1250018310546,530.9534249800994,526.1443264227706
2023-12-28,540.3499755859375,547.4500122070312,539.2000122070312,546.6500244140625,160638.0,58.123367681677706,3.7177005625721904,3.6834986225892377,0.034201939982952734,534.3425048828125,519.5100018310546,531.8483345616078,526.7014107036791
2023-12-29,543.4500122070312,547.5,531.9000244140625,539.0,152518.0,60.09183927029053,4.190379158873952,3.784874729846181,0.4055044290277712,535.102505493164,519.938002319336,532.9532562421243,527.3582186057714
2024-01-01,545.0999755859375,547.5,541.0499877929688,547.4500122070312,142879.0,61.138883059906966,4.644578794078711,3.9568155426926874,0.6877632513860239,535.6100036621094,520.328002319336,534.1100866558209,528.0539737814643
2024-01-02,546.7000122070312,547.0,540.0999755859375,547.0,191843.0,62.17526381813473,5.075141785234337,4.180480791201018,0.8946609940333188,535.5000030517579,520.8140020751953,535.3091271845076,528.7851909746238
2024-01-03,546.1500244140625,564.5999755859375,543.2000122070312,548.0,554575.0,61.56746043479664,5.310767418350338,4.406538116630882,0.9042293017194556,535.8000030517578,521.3060028076172,536.3415935873223,529.466164834994
2024-01-04,571.75,575.9000244140625,548.0999755859375,549.8499755859375,1400596.0,74.20675126124631,7.4770161244466635,5.020633718194039,2.456382406252625,537.6175018310547,522.3790032958984,539.7138227694821,531.1243544493079
2024-01-05,575.6500244140625,582.4500122070312,569.2000122070312,572.4500122070312,434924.0,75.52719479836128,9.400124424368073,5.896531859428846,3.503592564939227,539.907504272461,523.90900390625,543.1363181642041,532.8704591538082
2024-01-08,568.1500244140625,580.8499755859375,559.5,579.9000244140625,192829.0,68.2872985530858,10.201418683003112,6.7575092241437,3.4439094588594124,541.8225067138671,525.1270043945312,545.5185759022859,534.2539715169554
2024-01-09,563.0,575.0999755859375,560.0,570.75,228423.0,63.76709173610457,10.302129688128161,7.466433316940593,2.8356963711875682,543.3150054931641,526.3870043945312,547.1834734354015,535.3812667515847
2024-01-10,565.4000244140625,569.4500122070312,556.0,563.0999755859375,219908.0,64.9320745102219,10.455086073457664,8.064163868244009,2.3909222052136556,544.9225067138672,527.5850048828125,548.9183830524169,536.558472934427
2024-01-11,571.2000122070312,577.5,562.0499877929688,570.0,352311.0,67.63990918021399,10.918454506149715,8.63502199582515,2.2834325103245643,546.8375061035156,529.0180053710938,551.040442971904,537.9169646706075
2024-01-12,577.75,582.0,568.5499877929688,578.0,302694.0,70.41794887571815,11.679571768738924,9.243931950407905,2.435639818331019,548.7675048828125,530.7560052490235,553.584210307913,539.4790444874465
2024-01-15,575.25,587.5999755859375,569.0,580.0,414512.0,68.017814323977,11.94335797995575,9.783817156317474,2.1595408236382756,550.5925048828125,532.6930053710937,555.6476188500166,540.8818270565662
2024-01-16,577.0499877929688,578.9500122070312,573.0999755859375,577.9500122070312,189257.0,68.84128103402439,12.157510214622107,10.2585557679784,1.8989544466437067,552.745004272461,534.5500048828125,557.6859397017263,542.300186301131
2024-01-17,570.2999877929688,574.9500122070312,565.2999877929688,573.9000244140625,161133.0,62.35726795546172,11.648284641045962,10.536501542591914,1.1117830984540475,554.4900024414062,536.1510046386719,558.8872776151779,543.3982177321835
2024-01-18,573.75,584.75,540.6500244140625,563.0999755859375,273474.0,64.2126202386292,11.391789400302969,10.707559114134124,0.6842302861688445,557.2400024414062,537.7260046386718,560.302774985161,544.5884837034705
2024-01-19,566.25,582.9000244140625,562.7999877929688,576.6500244140625,130279.0,57.569624709478006,10.462720030486707,10.65859129740464,-0.19587126691793344,559.4250030517578,539.0390045166016,560.8691773675266,545.4379549307854
2024-01-23,560.2999877929688,572.5,555.25,561.7999877929688,216995.0,52.89447862731305,9.140938552941748,10.355060748512063,-1.2141221955703152,560.8225036621094,540.0410040283203,560.8149688366163,546.0207797489103
2024-01-24,558.9000244140625,563.1500244140625,545.5,557.0,219169.0,51.828005815924854,7.889506543978769,9.861949907605405,-1.9724433636266365,561.7475036621094,541.0420043945312,560.6325931773255,546.5258481671516
2024-01-25,556.0999755859375,566.5499877929688,551.0499877929688,558.9000244140625,100429.0,49.670882674808624,6.595765245322923,9.20871297514891,-2.6129477298259864,562.6275024414062,542.0300036621094,560.200915311479,546.901304144359
2024-01-29,551.9500122070312,561.2000122070312,545.4000244140625,558.0,180211.0,46.57672306846057,5.175933642129053,8.402157108544937,-3.2262234664158846,563.2075042724609,542.8800036621094,559.4151150158173,547.0992926958363
2024-01-30,556.9000244140625,560.8499755859375,550.2000122070312,550.2000122070312,147500.0,50.534825836586144,4.3994177342943885,7.601609233694828,-3.2021914994004392,563.8800048828125,543.8200042724609,559.1755825775549,547.4836351161589
2024-01-31,561.25,571.0,556.6500244140625,559.5999755859375,215697.0,53.77590886022514,4.087907109834418,6.898868808922746,-2.8109616990883275,564.6875061035156,544.885004272461,559.3731461415973,548.023492562584
2024-02-01,560.6500244140625,564.0,555.75,561.25,99880.0,53.25758225335474,3.74939894296233,6.268974835730663,-2.5195758927683336,565.3850067138671,545.8750048828125,559.4947535961178,548.5186506744067
2024-02-02,567.4500122070312,569.0,557.0999755859375,563.4500122070312,151559.0,58.17777499292354,3.9839069672970027,5.811961262043932,-1.828054294746929,566.4500061035156,546.8970056152343,560.2523972733477,549.2610570090194
2024-02-05,603.2999877929688,632.7999877929688,571.5,580.0999755859375,2377830.0,73.82242316432095,6.9820647884624805,6.045981967327641,0.9360828211348391,568.0275054931641,548.4720056152344,564.3521677990259,551.3802307652527
2024-02-06,597.5499877929688,616.0,591.5499877929688,603.0,495648.0,69.34200329307888,8.79279168779783,6.595343911421679,2.1974477763761513,569.1225036621094,549.9090051269532,567.5138649413061,553.190809472222
2024-02-07,593.0,602.3499755859375,590.0499877929688,597.5499877929688,208605.0,65.9320079137459,9.748287620455699,7.225932653228483,2.5223549672272156,570.3650024414062,551.2560046386719,569.941115899277,554.7519541988015
2024-02-08,598.0,610.0,584.8499755859375,593.9500122070312,242527.0,67.8056291689869,10.78466434694883,7.937678991972554,2.846985354976276,572.1150024414062,552.7360046386718,572.6133905755363,556.447955994927
2024-02-09,588.2999877929688,610.0,577.5499877929688,605.2999877929688,219314.0,60.81764624750271,10.699948109344632,8.49013281544697,2.2098152938976625,573.2600006103515,554.0770043945313,574.1073522152918,557.6970552811248
2024-02-12,588.2000122070312,608.5,582.5,588.2999877929688,550134.0,60.74815573045824,10.503662997707124,8.892838851899,1.6108241458081238,574.1100006103516,555.3120043945313,575.4495103097432,558.893249670376
2024-02-13,562.7000122070312,589.9500122070312,554.0,588.2000122070312,203434.0,46.236631602983046,8.195990468672449,8.753469175253692,-0.557478706581243,573.3575012207032,556.0010046386719,574.2352723951992,559.0425344757351
2024-02-14,558.1500244140625,566.9500122070312,553.2000122070312,555.4500122070312,150385.0,44.20740884127994,5.931621336016292,8.189099607406211,-2.2574782713899193,572.5025024414062,556.4650048828125,572.7033440160433,559.0075340811597
2024-02-15,572.3499755859375,584.5499877929688,560.4000244140625,560.4000244140625,194667.0,51.379190016263536,5.22270576903054,7.595820839731077,-2.3731150707005373,572.2675018310547,556.93400390625,572.6696898798427,559.5307670813471
2024-02-16,593.5999755859375,617.2999877929688,572.0499877929688,575.25,781300.0,59.72299959866026,6.302926270462876,7.3372419258774375,-1.0343156554145612,573.4325012207031,558.0030029296875,574.6630504232803,560.866814473684
2024-02-19,608.2000122070312,621.25,592.5,593.25,507903.0,64.26099773210947,8.242099940555931,7.518213528813137,0.7238864117427948,575.1550018310547,559.4590026855469,577.8570467836375,562.7230183063643
2024-02-20,602.3499755859375,610.1500244140625,593.9000244140625,598.2999877929688,353286.0,61.28161223723525,9.20079889817066,7.854730602684642,1.3460682954860186,576.9600006103516,560.9090026855469,580.1897066695709,564.2770166310535
2024-02-21,600.75,614.0,598.0999755859375,608.0,255610.0,60.45603380019019,9.719430525934513,8.227670587334616,1.4917599385998965,578.9825012207032,562.3270031738281,582.1478298438974,565.7073297043454
2024-02-22,603.9000244140625,615.0,594.0,598.0,725296.0,61.554185829764336,10.266287104638423,8.635393890795378,1.630893213843045,581.2325012207032,563.7420031738282,584.2194674220084,567.2050824380598
2024-02-23,619.9500122070312,629.0499877929688,601.0499877929688,603.0,1215706.0,66.63789967088553,11.858082172809759,9.279931547198254,2.5781506256115048,584.4250030517578,565.4760034179687,587.6223764491534,569.2735110564508
2024-02-26,606.5499877929688,632.2000122070312,604.2000122070312,624.5999755859375,315018.0,59.557116967302036,11.90113240489552,9.804171718737708,2.0969606861578125,587.1550018310547,566.9490026855469,589.4250061009454,570.7353336735692
2024-02-27,604.25,626.0,601.0,609.7999877929688,613163.0,58.40988577056478,11.61576096900069,10.166489568790304,1.4492714002103853,589.5225006103516,568.2510021972656,590.8369102818077,572.0496343138215
2024-02-28,589.4000244140625,610.0999755859375,585.8499755859375,607.2999877929688,239910.0,51.51067497093785,10.07519257825038,10.14823017068232,-0.0730375924319393,590.9300018310547,569.2640026855469,590.7000640086891,572.7300417687328
2024-02-29,578.3499755859375,589.0,575.0,589.0,171667.0,47.05660730347216,7.8718921652680365,9.692962569599462,-1.8210704043314259,591.8149993896484,570.1510021972656,589.5238651112842,572.9504313301918
2024-03-01,586.9500122070312,600.0,572.3499755859375,583.0999755859375,242699.0,50.6343201408158,6.741994282531323,9.102768912185834,-2.360774629654511,592.7899993896484,571.182001953125,589.2787362632602,573.4994345018325
2024-03-04,581.75,598.9500122070312,580.0,598.9500122070312,128261.0,48.50016647691675,5.365099021335709,8.35523493401581,-2.990135912680101,591.7125,572.442001953125,588.5617137619973,573.822986089996
2024-03-05,582.2000122070312,597.7999877929688,578.2000122070312,587.5999755859375,1016109.0,48.7016727274208,4.26109260789633,7.536406468791915,-3.2753138608955847,590.9450012207031,573.6350024414063,587.9558374234291,574.1514969181151
2024-03-06,586.8499755859375,590.0,569.3499755859375,582.0,392040.0,50.842031349526366,3.7185081078448547,6.772826796602503,-3.0543186887576486,590.6375,574.7250024414062,587.8505172484299,574.649476473716
2024-03-07,579.0999755859375,603.5999755859375,576.5999755859375,590.0,577783.0,47.299780438687755,2.632796512558457,5.944820739793694,-3.312024227235237,589.6924987792969,575.4990014648438,587.0171323281925,574.8240058506659
2024-03-11,570.4500122070312,590.0,565.0,579.1500244140625,430431.0,43.644791248537324,1.0621388220645258,4.96828435624786,-3.9061455341833344,588.8,576.1380017089843,585.4393113642724,574.6524766881704
2024-03-12,554.7999877929688,571.4500122070312,546.0,570.5,293619.0,37.93348841223925,-1.4289725846814463,3.688832968061999,-5.117805552743445,587.1299987792969,576.427001953125,582.5212805479578,573.873947711888
2024-03-13,525.9000244140625,563.7000122070312,519.25,560.2000122070312,433329.0,30.100271720378956,-5.669823642019878,1.8171016460456235,-7.4869252880655015,585.2899993896484,576.0760021972657,577.1287799637772,571.9926173864831
2024-03-14,544.0999755859375,554.3499755859375,515.1500244140625,515.1500244140625,214487.0,38.6869968399739,-7.475966415203629,-0.041511966204227146,-7.434454448999402,584.5874969482422,576.0560021972656,573.9831795468401,570.8987882962656
2024-03-15,538.25,553.0,527.0999755859375,546.5999755859375,182144.0,37.1090219252012,-9.27250406013502,-1.8877103849903858,-7.384793675144635,582.8824981689453,575.887001953125,570.5800195899983,569.6184436571964
2024-03-18,545.1500244140625,551.0499877929688,531.0499877929688,539.9500122070312,190794.0,40.206920910205994,-10.023948939114689,-3.5149580958152464,-6.5089908432994426,580.4600006103516,575.867001953125,568.1581152875283,568.6588978045246
2024-03-19,534.9500122070312,551.0,532.0,551.0,162626.0,37.28325669610979,-11.31213095552448,-5.074392667757094,-6.237738287767387,576.7975006103516,575.1310021972656,564.9954388036714,567.3369807222699
2024-03-20,534.5499877929688,559.0,532.0499877929688,550.0,858932.0,37.16910581207031,-12.224387976277626,-6.504391729461201,-5.719996246816425,573.4075012207031,574.3090014648437,562.0958720407473,566.0512162936699
2024-03-21,543.6500244140625,554.9000244140625,541.5999755859375,545.0,704961.0,41.55308380649016,-12.073881148389773,-7.618289613246915,-4.455591535142858,570.5525024414062,573.8190014648437,560.3391246477297,565.1727381807441
2024-03-22,545.9500122070312,564.0999755859375,545.0,550.0,958405.0,42.64239805678367,-11.634893796635424,-8.421610449924618,-3.2132833467108064,567.6550018310547,573.4780017089844,558.9687329867108,564.4189057896182
2024-03-26,553.2999877929688,555.0,543.0499877929688,548.7000122070312,351978.0,46.099628965213114,-10.572043616221436,-8.851697083183982,-1.7203465330374534,564.3225006103515,573.2360009765625,558.4288524920687,563.9828697897495
2024-03-27,564.9000244140625,572.9500122070312,554.2999877929688,555.0,440771.0,51.108385554807306,-8.693488062177721,-8.82005527898273,0.12656721680500915,562.2400024414062,573.1100012207031,559.0451545798777,564.0188366377619
2024-03-28,586.9000244140625,596.0,564.0499877929688,579.0,638036.0,58.907552019797315,-5.36762843365716,-8.129569909917617,2.761941476260457,561.3725036621094,573.2930017089843,561.6979993259905,564.9161381191855
2024-04-01,620.2000122070312,626.0,589.7999877929688,593.9000244140625,1018815.0,67.3876672470283,-0.04431911804203992,-6.512519751542502,6.468200633500462,562.9125030517578,574.192001953125,567.2696196003753,567.0841331814539
2024-04-02,623.9000244140625,634.7000122070312,612.9000244140625,628.7999877929688,666185.0,68.17357462945435,4.422027548804749,-4.325610291473052,8.7476378402778,565.1900054931641,575.1290026855469,572.6629914873931,569.3122073474385
2024-04-03,612.2999877929688,632.0,608.2000122070312,618.2000122070312,762264.0,63.044078665046385,6.945549479850456,-2.0713783372083503,9.016927817058807,566.4575042724609,575.9690026855469,576.4379435164956,570.998002659028
2024-04-04,624.7999877929688,627.0,614.7999877929688,620.7999877929688,250497.0,66.01179376790236,9.840667238021751,0.31103077783766997,9.529636460184081,568.6100036621094,576.9900024414062,581.0438524952073,573.1078844289865
2024-04-05,641.7000122070312,669.5,627.3499755859375,630.2999877929688,2957274.0,69.56978736561216,13.344927631579594,2.917810148586055,10.42711748299354,571.5850036621093,578.4990026855469,586.820629610619,575.7977717928314
2024-04-08,643.4000244140625,659.4500122070312,642.0,650.0,718621.0,69.91100696015566,16.073965350949834,5.54904118905881,10.524924161891024,574.4125061035156,580.1610034179688,592.2091434014231,578.4488405230758
2024-04-09,622.0999755859375,646.4500122070312,619.0,640.0,533158.0,60.723475514243,16.329772029683568,7.705187357183762,8.624584672499806,576.5625061035156,581.4250024414063,595.0558893237578,580.1606497412273
2024-04-10,619.0499877929688,635.5999755859375,612.5,629.9000244140625,402591.0,59.51733217578541,16.100792230053685,9.384308331757747,6.716483898295937,578.9925048828125,582.6840026855468,597.3410415589208,581.6857218216878
2024-04-12,649.75,656.9000244140625,620.0499877929688,621.5999755859375,1461737.0,66.68947473650906,18.1869111131831,11.144828888042818,7.042082225140282,583.7400054931641,584.6400024414063,602.3323709342617,584.3549092012295
2024-04-15,631.5499877929688,645.0,622.0499877929688,645.0,396270.0,59.912791890070345,18.162223667630315,12.548307843960318,5.613915823669997,589.0225036621093,586.1330017089844,605.1150011112813,586.205696596984
2024-04-16,635.1500244140625,638.2000122070312,622.0,624.5499877929688,339595.0,60.76213880424141,18.223087152511084,13.683263705670472,4.539823446840613,593.5750061035156,587.6110021972656,607.97547952107,588.1250820015754
2024-04-18,627.4500122070312,645.9000244140625,625.0999755859375,635.1500244140625,207537.0,57.934737062173014,17.448855722127178,14.436382108961814,3.0124736131653638,598.0350067138672,588.947001953125,609.830196919733,589.6672361272796
2024-04-19,625.0999755859375,634.9000244140625,615.0,627.4500122070312,333064.0,57.062027831046485,16.45594947815357,14.840295582800165,1.6156538953534056,602.032504272461,590.1000012207031,611.2844615546096,591.0567553217368
2024-04-22,661.4500122070312,664.3499755859375,630.0,637.9000244140625,936514.0,65.67504657286742,18.390217314008964,15.550279929041924,2.8399373849670404,608.3575042724609,591.2630017089843,616.0621330453164,593.8172751995914
2024-04-23,658.7999877929688,674.8499755859375,652.2000122070312,664.9500122070312,767414.0,64.65678888031377,19.484696237115713,16.337163190656682,3.1475330464590314,614.5700042724609,592.4880017089844,620.1324049260452,596.3656168699199
2024-04-24,670.5999755859375,673.0,656.2999877929688,666.1500244140625,371276.0,67.10266467070214,21.061455716058845,17.282021695737114,3.7794340203217303,620.9175018310547,594.0400012207032,624.9388402269874,599.2767681921167
2024-04-25,663.8499755859375,678.7999877929688,661.0,676.0,290280.0,64.35891790833509,21.518330456358285,18.12928344786135,3.3890470084969344,626.8125,595.3570007324219,628.6446626421255,601.8090508350117
2024-04-26,665.9500122070312,673.2000122070312,652.3499755859375,670.0,338819.0,64.84059233287167,21.798581901223088,18.863143138533697,2.9354387626893903,632.4450012207031,596.9100012207032,632.1975530768784,604.3243826535223
2024-04-29,637.3499755859375,668.4000244140625,626.5,668.0,980436.0,54.114515882832265,19.48825083097313,18.988164677021583,0.5000861539515462,636.0674987792969,597.8930004882812,632.688259982503,605.6195039449896
2024-04-30,637.25,644.0999755859375,633.5499877929688,636.5,427061.0,54.08083764369132,17.448098796645922,18.68015150094645,-1.2320527043005285,638.5849975585937,599.3840002441407,633.1227114127408,606.85991555499
2024-05-02,624.3499755859375,643.4500122070312,618.75,640.0,608407.0,49.77618179172068,14.621788573796039,17.86847891551637,-3.246690341720331,638.7924957275391,600.7079992675781,632.2872127625691,607.545800262086
2024-05-03,625.8499755859375,632.0,615.9500122070312,630.0,258389.0,50.27184059245673,12.360471008044215,16.766877334021938,-4.4064063259777235,638.8899932861328,601.7779992675781,631.6741425552708,608.2636110590998
2024-05-06,606.4500122070312,632.9500122070312,597.0,632.25,394052.0,44.1966884359337,8.900347961823968,15.193571459582344,-6.293223497758376,638.5974945068359,602.035,629.2718444268671,608.1924895354894
2024-05-07,602.4500122070312,609.3499755859375,597.0,607.9000244140625,261555.0,43.04173129116443,5.768908561374246,13.308638879940725,-7.539730318566479,637.4799957275391,601.92,626.7173842154542,607.967294346138
2024-05-08,614.1500244140625,622.5,596.25,598.25,551757.0,47.373743068230944,4.183093383105643,11.48352978057371,-7.300436397468067,636.1024963378907,602.1560009765625,625.5204928057979,608.2097543488018
2024-05-09,601.0,621.7000122070312,598.0,619.0,119961.0,43.380276172049086,1.8439702174359809,9.555617867946163,-7.711647650510182,633.9824951171875,602.1610009765625,623.1852077766742,607.927018884143
2024-05-10,609.5999755859375,614.1500244140625,591.2000122070312,604.0499877929688,149491.0,46.55340547243896,0.6763478954339917,7.779763873443729,-7.103415978009737,633.3574951171875,602.275,621.8913761394613,607.9926250293114
2024-05-13,604.6500244140625,614.1500244140625,591.75,609.5999755859375,128167.0,44.990512136305874,-0.6410314861749384,6.095604801519996,-6.736636287694934,632.6374969482422,601.9690002441406,620.2493426418042,607.8615426522429
2024-05-14,605.2999877929688,618.7999877929688,602.7999877929688,607.6500244140625,259470.0,45.25042709527133,-1.614012196683234,4.55368140187935,-6.167693598562584,630.4149963378907,601.9440002441406,618.8255945609627,607.7610895205066
2024-05-15,609.0,620.9500122070312,605.4500122070312,610.0999755859375,145369.0,46.79167401518018,-2.062768050831778,3.2303915113371247,-5.293159562168903,629.2874969482422,602.0390002441407,617.8898236503949,607.8096742451927
2024-05-16,615.0499877929688,627.0,612.0499877929688,612.0499877929688,229851.0,49.30469023673567,-1.9082299581946245,2.202667217430775,-4.1108971756254,628.2824951171875,602.5519995117188,617.6193630925447,608.0936081098114
2024-05-17,616.9500122070312,627.7999877929688,613.75,619.0,310677.0,50.10174908143677,-1.6138379955117443,1.4393661748422713,-3.0532041703540154,627.7574951171875,603.3240002441406,617.5556153891625,608.4409180744083
2024-05-21,603.8499755859375,629.0,602.0499877929688,626.2000122070312,289924.0,44.8642816605761,-2.409814872066704,0.669529965460476,-3.07934483752718,626.6949951171875,603.6619995117187,616.2503163602839,608.2608811140761
2024-05-22,599.75,612.0,598.0,607.0,220517.0,43.33733423303565,-3.3330447808148165,-0.13098498379458245,-3.202059797020234,623.609994506836,604.0219995117187,614.6788576593045,607.9271210703869
2024-05-23,589.8499755859375,604.7999877929688,586.2999877929688,600.0499877929688,313674.0,39.81366449336378,-4.808135177897952,-1.0664150226152564,-3.741720155282696,620.1624938964844,604.1749987792969,612.3142022237457,607.2182134043301
2024-05-24,584.5999755859375,597.75,583.0,594.4000244140625,179457.0,38.04697254571282,-6.327842637972935,-2.1187005456867922,-4.209142092286143,615.8624938964844,604.1299987792969,609.674752067764,606.3312236859617
2024-05-27,588.0,593.3499755859375,571.0999755859375,580.5,436017.0,39.906753350429575,-7.175157445308969,-3.129991925611228,-4.045165519697741,612.0699951171875,604.3079992675781,607.6104899660721,605.6123521688652
2024-05-28,573.8499755859375,587.0999755859375,572.5,582.0,195092.0,35.1743174249233,-8.886016778157796,-4.281196896120542,-4.604819882037254,607.4649932861328,604.3759985351562,604.3952028822498,604.3667687734563
2024-05-29,565.5,572.0,563.5499877929688,569.25,256848.0,32.70928784927905,-10.791263404445658,-5.583210197785565,-5.208053206660093,603.8724945068359,604.5899987792968,600.6908978458451,602.8425817627325
2024-05-30,565.2999877929688,569.1500244140625,562.0499877929688,565.5,78813.0,32.65026242576131,-12.176956026691414,-6.901959363566736,-5.2749966631246785,600.2749938964844,605.377998046875,597.3203349836665,601.370323175683
2024-05-31,577.25,582.6500244140625,566.1500244140625,569.9000244140625,319288.0,39.65664728842391,-12.170566582856509,-7.955680807424692,-4.214885775431817,597.9199951171875,606.0409985351563,595.4088745090316,600.4244281491856
2024-06-03,585.1500244140625,594.0,581.0,585.5,301162.0,43.817692387476605,-11.396663315107844,-8.643877308961322,-2.752786006146522,595.8849975585938,606.9789990234375,594.4318411666536,599.8254319242789
2024-06-04,554.9500122070312,603.0,515.5999755859375,587.6500244140625,471129.0,34.12909120553731,-13.0695701239556,-9.529015871960178,-3.540554251995422,593.3099975585938,607.1749987792969,590.6716669800229,598.0656115432103
2024-06-05,554.2999877929688,560.0999755859375,536.5999755859375,547.0,263867.0,33.9550615213807,-14.283164926038353,-10.479845682775814,-3.803319243262539,590.9024963378906,607.5619982910156,587.2076975336369,596.3493125726126
2024-06-06,578.0,583.0999755859375,558.5999755859375,560.0,559496.0,44.97252834408814,-13.180616689775434,-11.01999988417574,-2.1606168055996946,589.0949951171875,608.4309985351563,586.3307739590048,595.6297316874121
2024-06-07,596.0,599.0,576.5999755859375,580.0,386388.0,51.579200900700734,-10.730692952649065,-10.962138497870406,0.23144554522134086,588.8449951171875,609.477998046875,587.2516526295758,595.644252013396
2024-06-10,589.6500244140625,602.1500244140625,579.75,596.0499877929688,204714.0,49.32915620887148,-9.195500693064673,-10.60881093690926,1.4133102438445864,587.8474975585938,610.3519982910157,587.480068990003,595.4091842644025
2024-06-11,606.5499877929688,611.0,589.8499755859375,589.8499755859375,335199.0,54.96045902988064,-6.539777477203415,-9.795004244968093,3.255226767764677,587.942495727539,611.4169982910156,589.2962517331425,595.8460785204247
2024-06-12,612.4000244140625,626.0,604.7999877929688,608.0,652790.0,56.75218829664313,-3.917885683296504,-8.619580532633774,4.7016948493372706,588.2974975585937,612.3669982910156,591.4966110360873,596.4952528691949
2024-06-13,618.0,623.0999755859375,610.2000122070312,615.0999755859375,190768.0,58.45591474389256,-1.3723269868183934,-7.170129823470699,5.797802836652306,588.7474975585938,612.9889978027344,594.0207433183648,597.3385762860893
2024-06-14,617.7999877929688,629.7000122070312,615.7000122070312,621.0999755859375,462114.0,58.36747211078149,0.6217402715344633,-5.6117558044696665,6.23349607600413,588.8849975585938,612.9409973144532,596.2854332683271,598.1409845804768
2024-06-18,636.1500244140625,640.0,617.0,619.5,426886.0,63.78158991588953,3.6407789050145993,-3.7612488625728138,7.402027767587413,589.8449981689453,613.1859973144532,600.0820609964924,599.6315351621861
2024-06-19,630.7999877929688,646.5,628.0999755859375,640.0,461826.0,61.279435109304956,5.537848657710811,-1.901429358516089,7.4392780162269,591.1924987792969,613.5559973144532,603.0075778342521,600.8538274222168
2024-06-20,630.5,635.9500122070312,626.0999755859375,634.0499877929688,147414.0,61.13461212007819,6.937116831948742,-0.13372012042312265,7.070836952371865,592.7299987792969,613.6699975585938,605.6259037547994,602.0164224252671
2024-06-21,621.4000244140625,634.0,618.0,633.9500122070312,268076.0,56.75300958970887,7.228430120214739,1.3387099277044499,5.889720192510289,594.3075012207031,613.2639978027344,607.1282009604435,602.7765636797296
2024-06-24,620.25,626.75,615.7000122070312,617.2000122070312,164300.0,56.20476985603841,7.282551915652107,2.5274783252939814,4.755073590358125,596.0900024414062,612.8009973144531,608.3778961070678,603.461796476603
2024-06-25,618.2000122070312,628.0,616.0999755859375,623.1500244140625,162424.0,55.18146800664032,7.078431197360146,3.4376688997072145,3.6407622976529317,597.6000030517578,612.722998046875,609.3133357356359,604.0397657209335
2024-06-26,619.0499877929688,636.4000244140625,616.5,625.0,154607.0,55.54288760245201,6.905645995327632,4.131264318831298,2.7743816764963336,599.8600036621094,612.722998046875,610.2406359315723,604.6284018806211
2024-06-27,602.5,622.9500122070312,599.7000122070312,622.2999877929688,330356.0,47.50931462148728,5.371349206884929,4.3792812964420245,0.9920679104429047,601.7100036621093,611.777998046875,609.5034325095179,604.5449351402046
2024-06-28,596.6500244140625,605.8499755859375,593.0,605.8499755859375,286735.0,45.0300451616078,3.641388152595596,4.231702667672739,-0.5903145150771429,603.2775054931641,611.0799987792968,608.2792984051888,604.235330798003
2024-07-01,603.0999755859375,607.2000122070312,598.0,598.0,107123.0,48.23740761411944,2.7590342787282225,3.9371689898838356,-1.178134711155613,604.5700042724609,610.4389978027343,607.7860295652602,604.1908070641966
2024-07-02,601.7999877929688,607.9500122070312,593.3499755859375,606.0,164077.0,47.63414204543042,1.9325866700912684,3.536252525925322,-1.6036658558340537,605.4025024414062,609.9259973144531,607.2159303488515,604.0970494457172
2024-07-03,593.7999877929688,607.0499877929688,592.0,602.3499755859375,174586.0,43.98830539405979,0.6248845645199026,2.9539789336442386,-2.329094369124336,607.3450012207031,609.2999975585938,605.9382215340056,603.6932431063938
2024-07-04,610.7000122070312,618.4000244140625,595.0999755859375,599.75,404532.0,52.294943696337896,0.9413605368948765,2.5514552542943663,-1.6100947173994897,610.1650024414063,608.2849975585938,606.3917254076271,603.9680183652423
2024-07-05,625.0,647.0,620.5,630.0,1882925.0,57.97424754174382,2.3193238088568933,2.505028965206872,-0.18570515634997875,612.5150024414063,607.6089978027344,608.1639420354721,604.7928019587622
2024-07-08,612.7999877929688,627.5,611.25,625.0,206509.0,52.258216754908176,2.399273275401697,2.483877827245837,-0.08460455184413984,613.3550018310547,606.452998046875,608.6054702028528,605.1068092463781
2024-07-09,619.4500122070312,625.25,612.7999877929688,614.9500122070312,175775.0,54.870200674699106,2.965055878797557,2.580113437556181,0.384942441241376,614.8450012207031,605.5649987792968,609.6382837270602,605.6692877938548
2024-07-10,607.5,625.75,600.0499877929688,623.25,302407.0,49.616910687189794,2.4212657096288694,2.548343891970719,-0.12707818234184964,614.8925018310547,604.3959985351562,609.4346376578164,605.74108042939
2024-07-11,603.3499755859375,610.0499877929688,600.5,607.5,111109.0,47.9017180538367,1.6365704305586632,2.365989199688308,-0.7294187691296448,614.4399993896484,603.7159985351562,608.8551460319233,605.6473116119997
2024-07-12,601.3499755859375,609.9500122070312,598.75,607.5499877929688,1302178.0,47.057459084392335,0.8435861471781436,2.061508589186275,-1.2179224420081316,613.6074981689453,602.997998046875,608.1403678942104,605.4787886305855
2024-07-15,606.8499755859375,610.8499755859375,596.1500244140625,604.4000244140625,162101.0,49.68379255968777,0.6514350858723219,1.7794938885234846,-1.1280588026511627,613.0599975585938,602.647998046875,608.0174733886606,605.5325606680503
2024-07-16,605.2999877929688,615.6500244140625,603.3499755859375,606.8499755859375,211748.0,48.94687261888845,0.36981987104127256,1.4975590850270422,-1.1277392139857696,611.5174957275391,602.2369982910157,607.7586652366899,605.5234401631452
2024-07-18,609.1500244140625,614.0999755859375,604.0,611.9500122070312,249172.0,50.895151876536524,0.45209212696124723,1.2884656934138834,-0.8363735664526362,610.4349975585938,602.2909985351563,607.8911756345349,605.6656591533773
2024-07-19,597.5499877929688,613.8499755859375,594.0499877929688,612.0,227318.0,45.287438631076434,-0.41396064660136744,0.9479804254108334,-1.361941072012201,608.7874969482422,602.192998046875,606.9063006020048,605.3473975314005
2024-07-22,606.2000122070312,609.0,584.1500244140625,592.5499877929688,145031.0,49.73496026603195,-0.39774408406447037,0.6788355235157727,-1.0765796075802432,608.0274963378906,602.0339978027343,606.8390350405787,605.380833401033
2024-07-23,608.2000122070312,620.0,582.5,611.7999877929688,463248.0,50.73218191378473,-0.2209619443668771,0.49887602993924274,-0.7198379743061198,607.4249969482422,602.177998046875,606.9686519135741,605.4913894326407
2024-07-24,625.9500122070312,636.4000244140625,595.1500244140625,611.25,1062047.0,58.58516478561698,1.3360150818277816,0.6663038403169506,0.6697112415108311,607.8124969482421,602.5049987792969,608.776400512951,606.2936883649699
2024-07-25,605.25,622.0,602.0,622.0,282189.0,48.81350681091426,0.8893606091193078,0.7109151940774221,0.1784454150418857,607.1224975585938,602.5169982910156,608.4405528450509,606.2527594094809
2024-07-26,609.6500244140625,617.9500122070312,601.5499877929688,610.0,195596.0,50.6959937824919,0.8802815810920492,0.7447884714803475,0.1354931096117017,607.4799987792969,602.6039990234375,608.5557406135282,606.3859854880919
2024-07-29,614.5999755859375,624.7999877929688,612.0,616.0,186116.0,52.79908232149449,1.2580045833161648,0.847431693847511,0.4105728894686538,608.3774963378906,602.7159985351562,609.131382039472,606.708102746831
2024-07-30,612.4500122070312,619.5999755859375,610.2000122070312,619.5999755859375,128909.0,51.766233530877,1.3680981236836942,0.9515649798147477,0.41653314386894646,608.8449981689453,602.6639990234376,609.4474420554301,606.9332756668388
2024-07-31,605.0499877929688,614.5999755859375,601.8499755859375,612.0,106043.0,48.266440089906894,0.8484475467963648,0.9309414932110712,-0.08249394641470642,609.0074981689453,602.4259985351563,609.0286368875766,606.8594212404125
2024-08-01,609.0499877929688,616.0,602.3499755859375,606.9500122070312,161900.0,50.22535485784717,0.7507333051120213,0.8948998555912613,-0.14416655047923999,609.7699981689453,602.5299987792969,609.0306703071377,606.945325811101
2024-08-02,599.0,609.0,596.75,600.0,127185.0,45.557734536212585,-0.13608723017773627,0.6887024384374618,-0.8247896686151981,609.1849975585938,602.5149987792969,608.0753683731245,606.6337444067442
2024-08-05,583.0499877929688,591.25,565.0,583.25,246166.0,39.31331165706639,-2.1017044383853545,0.13062106307289856,-2.232325501458253,607.0874969482422,602.3789990234375,605.6919987940621,605.708891206204
2024-08-06,564.75,591.5999755859375,561.0,577.1500244140625,297168.0,33.61958068734404,-5.077594958917302,-0.9110221413251418,-4.166572817592161,604.6849975585938,601.9819995117188,601.7927608136753,604.1026601785097
2024-08-07,567.9000244140625,583.9500122070312,566.5499877929688,572.2000122070312,251268.0,35.35513865970967,-7.099984787170456,-2.148814670494205,-4.951170116676251,602.1074981689453,601.58,598.5648811565693,602.6829489720609
2024-08-08,557.9500122070312,570.2999877929688,555.0,564.2000122070312,234577.0,32.46750297805413,-9.39729990232081,-3.5985117168595258,-5.798788185461285,599.6299987792969,601.2620007324218,594.6967983994704,600.928716157746
2024-08-09,559.5499877929688,564.5,555.0,561.3499755859375,171556.0,33.40934393883279,-10.962465545200644,-5.0713024825277495,-5.891163062672894,597.4399993896484,601.1430004882812,591.3494831036131,599.3060209277547
2024-08-12,578.4000244140625,584.3499755859375,547.0,561.0,498935.0,43.42095372748026,-10.56009991619942,-6.169061969262083,-4.391037946937336,596.2925018310547,601.4050012207031,590.1162013236559,598.4861779272178
2024-08-13,562.0499877929688,579.9000244140625,560.1500244140625,578.5,147199.0,38.0739577316508,-11.428789596400179,-7.221007494689703,-4.207782101710476,594.0525024414062,601.1010009765625,587.4432286064476,597.0573077258747
2024-08-14,587.5499877929688,593.0,556.0,565.0,336769.0,48.68708397383044,-9.944956273521598,-7.765797250456082,-2.179159023065516,593.1650024414063,601.1490002441407,587.453396148021,596.6844716500744
2024-08-16,588.2000122070312,597.75,583.4000244140625,586.0999755859375,245194.0,48.927372138941024,-8.61722216389353,-7.936082233143572,-0.6811399307499579,592.1175018310547,601.8140002441406,587.5245024393554,596.3517477503473
2024-08-19,590.5499877929688,593.5999755859375,579.6500244140625,588.2000122070312,102905.0,49.8418342106563,-7.291310240219673,-7.807127834558792,0.5158175943391194,591.7675018310547,602.5390002441407,587.8126439016042,596.1242277520187
2024-08-20,582.0999755859375,590.0,576.5499877929688,587.2000122070312,80604.0,46.610096093451,-6.843473550264434,-7.614396977699921,0.7709234274354868,590.5625,602.6209997558594,587.2685802524932,595.574257078839
2024-08-21,577.7999877929688,583.8499755859375,576.0499877929688,582.0999755859375,137663.0,45.010712624190994,-6.7576350154050715,-7.443044585240952,0.6854095698358806,589.0424987792969,602.2569995117187,586.3668095420622,594.8772269107657
2024-08-22,579.3499755859375,584.4000244140625,576.0999755859375,578.0999755859375,97293.0,45.73356503659425,-6.489726766541594,-7.252381021501081,0.7626542549594868,586.7124969482422,602.0509985351563,585.6985396414789,594.2683150941058
2024-08-23,576.75,581.2000122070312,570.0,578.1500244140625,154065.0,44.672749428552336,-6.413275601021837,-7.084559937405232,0.6712843363833949,585.2874969482422,601.4549987792968,584.8462977708618,593.5813223453174
2024-08-26,591.0,615.0,578.2000122070312,579.0,504160.0,51.335416772312335,-5.143540065631669,-6.69635596305052,1.552815897418851,584.3549957275391,601.0269982910156,585.4323646498274,593.4800940180501
2024-08-27,592.3499755859375,597.0,579.5999755859375,590.0,195327.0,51.926045575122615,-3.9824268208992635,-6.153570134620269,2.1711433137210054,583.2424957275391,600.5139978027344,586.0911847389807,593.4357756481633
2024-08-28,589.7000122070312,597.4500122070312,587.0,597.0,75354.0,50.62712230473462,-3.238732020398743,-5.570602511775965,2.331870491377222,582.1049957275391,599.9519982910156,586.4348825930807,593.2892751210601
2024-08-29,579.75,590.2000122070312,571.8499755859375,589.0,125016.0,45.97658257463241,-3.4128896944091593,-5.139059948302604,1.7261702538934447,580.8399963378906,598.8239978027344,585.7982271080253,592.7583231555284
2024-08-30,568.7999877929688,584.0499877929688,563.0,579.5499877929688,368866.0,41.46267082963988,-4.383949931936513,-4.988037945029387,0.6040880130928734,578.8274963378906,597.5839978027344,584.1793471732581,591.8187805922908
2024-09-02,562.5999755859375,573.9500122070312,561.0,571.9500122070312,113815.0,39.12067895194616,-5.589380437318823,-5.108306443487274,-0.4810739938315489,577.0074951171875,596.2259973144531,582.1241689268466,590.6729451018456
2024-09-03,566.5999755859375,569.9500122070312,561.1500244140625,565.0999755859375,111564.0,41.41964338287675,-6.151021084700119,-5.316849371729844,-0.8341717129702753,576.1849945068359,595.1299963378906,580.6456743229504,589.7289070816139
2024-09-04,553.2000122070312,570.75,551.0499877929688,562.0,292154.0,36.45339198030032,-7.589898772165611,-5.771459251816998,-1.8184395203486137,575.6074951171875,593.7889965820312,578.0318017404819,588.2964014002578
2024-09-05,555.7000122070312,563.0,551.0,563.0,293270.0,37.94824164545922,-8.431299823346194,-6.303427366122838,-2.127872457223356,574.9974945068359,592.5389965820312,575.9049646420581,587.0181116279745
2024-09-06,554.0,568.4500122070312,547.0999755859375,559.7000122070312,261689.0,37.30558978429239,-9.130047491660093,-6.868751391230289,-2.2612961004298047,574.7999938964844,591.2379968261719,573.8187775332906,585.7232837209951
2024-09-09,546.2999877929688,557.5,542.1500244140625,556.7999877929688,167438.0,34.459085044472616,-10.187699231308443,-7.532540959245919,-2.6551582720625237,574.1374938964843,590.1139965820313,571.1979404151647,584.1772721159745
2024-09-10,557.7000122070312,560.4500122070312,547.1500244140625,550.0,162356.0,41.567773583252325,-9.990840963172559,-8.024200960031248,-1.9666400031413112,573.1024932861328,589.3349963378906,569.9124234429614,583.1389481979767
2024-09-11,546.2999877929688,559.2999877929688,544.7000122070312,558.0,121873.0,37.22025888072468,-10.63215519680125,-8.545791807385248,-2.086363389416002,572.3149932861328,588.1989965820312,567.6636200477241,581.6942830840547
2024-09-12,542.0499877929688,551.0,533.5499877929688,549.0499877929688,123121.0,35.72034020020067,-11.35247654569207,-9.107128755046613,-2.2453477906454573,570.0399932861328,587.0039965820313,565.2242264996521,580.1396048373455
2024-09-13,549.7000122070312,552.0,542.9500122070312,545.0,226512.0,40.377857504861964,-11.177199568964056,-9.521142917830103,-1.6560566511339534,568.1149932861329,586.1219970703125,563.7457299003548,578.9458953224313
2024-09-16,546.25,551.9500122070312,544.0,549.7000122070312,150857.0,39.00524970014568,-11.187713457627297,-9.854457025789543,-1.3332564318377536,565.8999938964844,584.8329968261719,562.0794699098449,577.6637033490026
2024-09-17,538.5499877929688,552.4500122070312,536.4500122070312,546.4000244140625,212580.0,36.058982530708185,-11.682701512751919,-10.220105923182018,-1.4625955895699008,563.7224945068359,583.1039965820313,559.8385668510948,576.1298321507269
2024-09-18,530.0,541.5999755859375,528.0,541.4000244140625,185556.0,33.0717753944801,-12.619426775747343,-10.699970093695084,-1.9194566820522585,561.3324951171875,581.4479968261719,556.996798579562,574.3208191252081
2024-09-19,535.2999877929688,546.25,530.0999755859375,532.2999877929688,277368.0,36.57911811182141,-12.786726154714984,-11.117321305899065,-1.669404848815919,559.129995727539,579.7649963378906,554.9304356475054,572.7905904455125
2024-09-20,538.0999755859375,541.5,530.9000244140625,540.9500122070312,141235.0,38.41526708577417,-12.548722640168307,-11.403601572752915,-1.145121067415392,557.1974945068359,578.3769958496093,553.3275346892608,571.4301741765096
2024-09-23,544.7999877929688,547.2000122070312,537.0,538.2999877929688,119459.0,42.69092705854379,-11.68477335567286,-11.459835929336904,-0.2249374263359556,554.8874938964843,577.20599609375,552.5153873658044,570.3858531418609
2024-09-24,546.8499755859375,552.4000244140625,542.0,544.0,197830.0,43.972639572575325,-10.711198413046077,-11.31010842607874,0.598910013032663,552.6124938964844,576.11599609375,551.9758243391504,569.4628775514326
2024-09-25,575.4500122070312,579.0,546.0999755859375,547.0,1702026.0,58.06403203939357,-7.544876680096763,-10.557062076882344,3.012185396785581,551.8999938964844,575.4879968261719,554.2114612789486,569.6976671457699
2024-09-26,565.1500244140625,577.5999755859375,561.0,575.9500122070312,309242.0,52.903516467072066,-5.799810226882187,-9.605611706882312,3.8058014800001256,551.1699951171875,574.6849975585938,555.2532291965786,569.5193282151147
2024-09-27,542.6500244140625,567.7999877929688,539.0999755859375,567.7999877929688,547848.0,43.75511484932215,-6.161370011664076,-8.916763367838666,2.75539335617459,549.8624969482422,573.3549975585937,554.0529239791961,568.4656300268382
2024-09-30,535.8499755859375,549.4000244140625,532.5999755859375,542.6500244140625,372361.0,41.423678615142876,-6.916882342022632,-8.51678716267546,1.599904820652828,548.5249969482422,572.1209973144531,552.3193098465048,567.1865847546461
2024-10-01,535.75,540.9500122070312,532.6500244140625,536.0499877929688,282818.0,41.38876106621375,-7.43795834739808,-8.301021399619984,0.8630630522219036,546.9824981689453,570.7119970703125,550.7412803373138,565.9537775093659
2024-10-03,524.4500122070312,533.9500122070312,520.5499877929688,530.0,131697.0,37.53728949905044,-8.662869248514312,-8.37339096939885,-0.2894782791154622,545.5449981689453,569.0369970703125,548.2373500391916,564.3261788700587
2024-10-04,519.7000122070312,531.9500122070312,516.4000244140625,525.6500244140625,201420.0,36.01993346978006,-9.90275249869353,-8.679263275257787,-1.2234892234357435,543.7449981689454,566.9119970703125,545.5195083408906,562.5761331185674
2024-10-07,489.0,514.8499755859375,485.0,511.25,612697.0,28.110821210683397,-13.210322942002222,-9.585475208606674,-3.6248477333955478,540.4949981689454,564.5869970703125,540.1366980227106,559.690794564898
2024-10-08,498.0,502.7999877929688,488.2999877929688,490.0,201182.0,32.771276474494655,-14.933230577734207,-10.655026282432182,-4.278204295302025,538.0799987792968,562.3539965820313,536.1236791634047,557.2715477192157
2024-10-09,502.7999877929688,512.7000122070312,499.1499938964844,499.5,165789.0,35.18465243260785,-15.730002712526812,-11.670021568451109,-4.059981144075703,535.3349975585937,560.1179968261719,532.9499942709823,555.1354081142649
2024-10-10,494.6000061035156,509.0,492.2000122070313,504.2000122070313,238519.0,33.00490565001098,-16.829124688374463,-12.70184219243578,-4.127282495938683,532.7499984741211,557.7609967041016,529.2976144455093,552.7614707805101
2024-10-11,508.1499938964844,509.1499938964844,493.3500061035156,496.0,459717.0,39.65744124193769,-16.417564535672227,-13.444986661083071,-2.972577874589156,531.0549987792969,555.8229968261719,527.2835553456022,551.0120010987836
2024-10-14,508.2000122070313,514.75,505.3999938964844,514.75,196307.0,39.68125189576332,-15.904032305384135,-13.936795789943284,-1.9672365154408507,528.9799987792969,553.8059973144532,525.4660750466907,549.3330995736169
2024-10-15,515.1500244140625,518.1500244140625,507.3500061035156,508.2999877929688,164151.0,43.044248418811804,-14.766032777328178,-14.102643187420265,-0.6633895899079132,527.425,552.1289978027344,524.4835940340595,547.9925868222618
2024-10-16,531.25,534.2000122070312,515.0,515.1500244140625,233645.0,49.99893674642012,-12.421835290915283,-13.76648160811927,1.3446463172039866,527.0600006103516,551.092998046875,525.1280136498633,547.3360147900163
2024-10-17,515.6500244140625,531.0,513.2999877929688,531.0,167606.0,44.348264723049375,-11.688096448975102,-13.350804576290436,1.6627081273153337,526.3425018310547,550.1109985351562,524.2253480083584,546.0934269321357
2024-10-18,514.5,518.2000122070312,505.2999877929688,513.0499877929688,124031.0,43.95389413823505,-11.07177199388775,-12.894998059809899,1.8232260659221478,525.3025024414062,549.042998046875,523.2991243885148,544.8544690132284
2024-10-21,509.2000122070313,523.9500122070312,508.1000061035156,515.9500122070312,318424.0,42.09599900856568,-10.885513717758158,-12.493101191399552,1.6075874736413933,523.8575042724609,548.067998046875,521.9563517998021,543.4562550208285
2024-10-22,500.25,510.3999938964844,497.0499877929688,507.0,212693.0,39.09106600389026,-11.329494518300066,-12.260379856779654,0.9308853384795874,521.6300048828125,546.8819982910156,519.8890801998209,541.7618920788352
2024-10-23,511.0,517.0999755859375,493.1499938964844,496.0,167911.0,44.23966282784418,-10.69068181766147,-11.94644024895602,1.2557584312945487,519.8375061035156,545.5339978027343,519.0425011331713,540.5555433698613
2024-10-24,506.1499938964844,517.7999877929688,502.1000061035156,512.0499877929688,134793.0,42.494410604409424,-10.455251478493892,-11.648202494863595,1.1929510163697028,516.3725051879883,544.4159979248047,517.8146433011059,539.2063061356113
2024-10-25,494.3500061035156,509.5,489.4500122070313,505.0499877929688,180268.0,38.51349243475864,-11.092958911593769,-11.53715377820963,0.4441948666158613,512.8325042724609,542.5519982910156,515.5799159489544,537.4472355461173
2024-10-28,493.0,494.3500061035156,474.0499877929688,487.7999877929688,231229.0,38.07403261283157,-11.573864550780456,-11.544495932723795,-0.02936861805666169,510.3500030517578,540.647998046875,513.4294477633397,535.7042067011716
2024-10-29,486.8999938964844,500.6000061035156,484.6000061035156,493.3500061035156,825539.0,36.07119375364936,-12.30535675440342,-11.696668097059721,-0.6086886573436985,507.90250396728516,538.5749981689453,510.9028331093534,533.7903160029487
2024-10-30,486.8999938964844,502.3999938964844,485.3999938964844,493.0,144407.0,36.07119375364936,-12.73823119593817,-11.90498071683541,-0.8332504791027588,505.4600036621094,536.6709985351563,508.6168484224135,531.9514798419109
2024-10-31,494.9500122070313,501.6499938964844,489.25,491.0,234858.0,40.83463329522546,-12.290046107456646,-11.981993794959658,-0.3080523124969883,503.98500366210936,535.0139990234375,507.3152449733295,530.5004418954451
2024-11-01,503.6499938964844,507.9500122070313,496.1000061035156,499.75,45792.0,45.55612513522319,-11.10483080527166,-11.80656119702206,0.7017303917503988,503.18250274658203,533.4999993896485,506.9661734422014,529.4474831503878
2024-11-04,484.4500122070313,509.0,482.6000061035156,501.9500122070313,180890.0,38.29335554819743,-11.581315010350693,-11.761511959687788,0.18019694933709474,502.9550033569336,531.6539996337891,504.82177713409,527.6828764467268
2024-11-05,486.8500061035156,488.8999938964844,480.75,488.6499938964844,131376.0,39.58981711177692,-11.63119554383718,-11.735448676517667,0.10425313268048697,502.3975036621094,529.5709997558594,503.1101798930829,526.0815874136597
2024-11-06,497.1499938964844,501.0,488.3500061035156,488.75,579059.0,44.93670600264122,-10.716075049051767,-11.531573951024487,0.8154989019727203,502.11500396728513,527.6670001220704,502.54254313150204,524.9470151188685
2024-11-07,515.5999755859375,517.7999877929688,494.25,498.6499938964844,348470.0,52.96709724908558,-8.40518637792104,-10.906296436403798,2.501110058482757,503.1650024414063,526.1849993896484,503.78610812716255,524.5804645489496
2024-11-08,513.4000244140625,530.2999877929688,509.1000061035156,517.9500122070312,575563.0,51.99339872913517,-6.674370146410638,-10.059911178405166,3.385541031994528,503.42750396728513,524.8579998779297,504.70171920210544,524.142015916209
2024-11-11,496.75,512.4000244140625,495.0,512.4000244140625,121842.0,45.218253114408824,-6.570463420891485,-9.362021626902429,2.7915582060109436,502.8550033569336,523.4170001220704,503.94441261142873,523.0678192136126
2024-11-12,489.5,502.25,486.0,500.0,117269.0,42.61429751288023,-6.992525520032871,-8.888122405528517,1.895596885495646,501.57250213623047,521.9550006103516,502.5687542674831,521.7514341464121
2024-11-13,474.7000122070313,487.2000122070313,471.0,485.0,152555.0,37.82563670924385,-8.424139860166463,-8.795325896456106,0.3711860362896431,498.74500274658203,520.1170013427734,499.91458835696386,519.9062803448677
2024-11-14,472.6000061035156,479.9500122070313,460.1000061035156,475.0,170724.0,37.18708689366957,-9.617295287501236,-8.959719774665132,-0.6575755128361038,496.5925018310547,518.5050012207031,497.3131995709212,518.0511323354029
2024-11-18,469.25,475.9500122070313,459.5499877929688,472.6499938964844,121151.0,36.139006796037975,-10.709741818172176,-9.30972418336654,-1.4000176348056357,494.3300018310547,516.7760009765625,494.64051389750017,516.137362439897
2024-11-19,469.2999877929688,479.0,466.9500122070313,470.6000061035156,72705.0,36.167916549153766,-11.439611249678364,-9.735701596628907,-1.7039096530494575,492.3350006103516,515.0820007324219,492.22713045897336,514.3006026498214
2024-11-21,454.8999938964844,470.6499938964844,453.1000061035156,468.7999877929688,308929.0,31.713993800546106,-13.029797796023331,-10.394520836507793,-2.6352769595155383,490.06750030517577,513.2540008544922,488.6721650720696,511.9711670124356
2024-11-22,461.25,464.9500122070313,455.0,455.0499877929688,82121.0,35.48679830592546,-13.620629528679558,-11.039742574942146,-2.580886953737412,487.58000030517576,511.32500061035154,486.0605303033011,509.98210163939893
2024-11-25,483.75,487.3999938964844,468.5,473.7999877929688,312832.0,46.71970749818817,-12.13343923912322,-11.25848190777836,-0.8749573313448593,486.4600006103516,510.07400085449217,485.8404797982248,508.95339177118717
2024-11-26,479.6000061035156,487.75,476.0,484.0,104711.0,45.15790170519493,-11.161042494157641,-11.238994025054218,0.07795153089657703,485.7225006103516,508.82500122070314,485.24614897015726,507.8022786077491
2024-11-27,489.1000061035156,494.0,476.1000061035156,479.9500122070313,204969.0,49.33341062404735,-9.514167067256892,-10.894028633494754,1.379861566237862,485.52750091552736,507.6130010986328,485.61318298285806,507.0688561566027
2024-11-28,488.7000122070313,495.9500122070313,485.1000061035156,489.1499938964844,141578.0,49.16368234826377,-8.147364840575506,-10.344695874910904,2.1973310343353987,485.6175018310547,506.4620013427734,485.9071667184936,506.3485093350509
2024-11-29,494.8999938964844,496.9500122070313,484.9500122070313,488.1499938964844,109426.0,51.92462547331749,-6.489075498682723,-9.573571799665269,3.0844963009825452,486.0175018310547,505.58900146484376,486.76362644973085,505.8995479453032
2024-12-02,494.1499938964844,499.3500061035156,491.0499877929688,495.6000061035156,178081.0,51.559829206271765,-5.175725438810218,-8.69400252749426,3.518277088684041,485.97750091552734,504.87200134277344,487.4670900160883,505.43878111985936
2024-12-03,502.7000122070313,505.7000122070313,495.0,495.0,170517.0,55.40612508012241,-3.4057121028686197,-7.636344442569132,4.230632339700512,485.9300018310547,504.2200018310547,488.91784451046385,505.3313784173955
2024-12-04,510.75,512.7000122070312,502.7999877929688,505.0,172985.0,58.72886462524144,-1.3379737154083955,-6.376670297136984,5.038696581728589,487.2450012207031,503.6730023193359,490.9970974142292,505.5438733814192
2024-12-05,507.8999938964844,515.9500122070312,506.0,515.0,80478.0,57.1065239166457,0.06994588719777539,-5.087347060270033,5.157292947467808,488.29750061035156,502.93500244140625,492.60689707920585,505.6362702643629
2024-12-06,507.6499938964844,512.9000244140625,505.0,507.8500061035156,124814.0,56.95788817942815,1.1522766768499082,-3.839422312846045,4.991698989695953,488.82250061035154,502.1510028076172,494.0395729665657,505.71523981856376
2024-12-09,507.5499877929688,515.0,505.25,514.1500244140625,117079.0,56.89409475891743,1.9791475872445403,-2.675708332827928,4.654855920072468,488.4200012207031,500.7930023193359,495.3262791405088,505.7871907195208
2024-12-10,512.7999877929688,515.0,506.3999938964844,507.5,86421.0,59.46101492751561,3.0232299519440744,-1.5359206758735273,4.559150627817601,488.38999938964844,499.7460015869141,496.9904418693145,506.06220236945995
2024-12-11,498.75,517.0,490.9500122070313,512.9000244140625,196905.0,50.75095508288904,2.6859936906376447,-0.691537802571293,3.377531493208938,488.48999938964846,498.8680010986328,497.1580188341417,505.7754493353635
2024-12-12,481.1499938964844,493.5499877929688,477.1000061035156,493.5499877929688,220009.0,42.37683968274836,0.9871785410073244,-0.35579453385556953,1.3429730748628939,488.07249908447267,497.77400146484376,495.6334450305553,504.8097452005055
2024-12-13,479.4500122070313,487.3999938964844,475.0,481.2999877929688,201170.0,41.66176970547967,-0.490662962175179,-0.3827682195194914,-0.1078947426556876,488.3099990844727,496.6480017089844,494.09216571402925,503.8152458674281
2024-12-16,490.2000122070313,497.5,479.4500122070313,479.4500122070313,271666.0,47.67463096201012,-0.7853745334757036,-0.4632894823107339,-0.3220850511649697,489.18999938964845,495.9630017089844,493.7214844276485,503.28131513564784
2024-12-17,487.3999938964844,495.8999938964844,485.3500061035156,494.2999877929688,133081.0,46.335032936068316,-1.230687059598381,-0.6167689977682633,-0.6139180618301177,490.09749908447264,495.31700134277344,493.1194377103948,502.6585182243081
2024-12-18,478.7999877929688,490.5499877929688,476.2000122070313,486.0,123219.0,42.39479647824398,-2.251594089067794,-0.9437340160281695,-1.3078600730396244,490.57249908447267,495.1130010986328,491.7556805754018,501.7228895799419
2024-12-19,468.1499938964844,477.25,465.25,470.0,125434.0,38.07656557717311,-3.8753629946215824,-1.5300598117468522,-2.34530318287473,491.23499908447263,494.5160009765625,489.5075199393144,500.40630543549264
2024-12-20,474.8500061035156,481.3999938964844,466.0,471.1000061035156,243757.0,42.073969145984,-4.5689090209804135,-2.1378296535935646,-2.431079367386849,491.9149993896484,493.9570013427734,488.11156624066695,499.4040976185524
2024-12-23,464.25,481.0,462.2999877929688,481.0,100073.0,37.90494823796571,-5.905802730562073,-2.8914242689872665,-3.014378461574806,490.93999938964845,493.3500012207031,485.8390361225082,498.02550555507975
2024-12-24,469.9500122070313,475.75,461.1000061035156,462.0,105547.0,41.2747167146938,-6.431222153399233,-3.59938384586966,-2.8318383075295728,490.4574996948242,492.58600158691405,484.3257957496057,496.92450581594056
2024-12-26,468.3999938964844,474.0,461.4500122070313,466.0499877929688,88340.0,40.629025025297295,-6.8932334507267115,-4.258153766841071,-2.6350796838856407,489.42249908447263,491.7900012207031,482.80905271597504,495.8058975053737
2024-12-27,471.7999877929688,474.0,466.3500061035156,469.2999877929688,115292.0,42.74485895192086,-6.905428162580222,-4.787608645988901,-2.1178195165913207,488.5774978637695,490.9230004882813,481.76057034235544,494.86448928135786
2024-12-30,455.2000122070313,473.1499938964844,452.1000061035156,470.0,130429.0,35.999332637440574,-8.160502662624765,-5.462187449316074,-2.6983152133086907,486.5924987792969,489.40200073242187,479.2309933770865,493.30901959216857
2024-12-31,463.5,466.0,454.2000122070313,455.1000061035156,99076.0,41.01180240839954,-8.388718670199182,-6.047493693492696,-2.341224976706486,485.0599990844727,488.35900024414065,477.73280353164967,492.1400384316914
2025-01-01,463.0499877929688,467.8500061035156,459.3999938964844,460.0,85627.0,40.825110216722834,-8.50782086164952,-6.539559127124062,-1.9682617345254583,483.0774978637695,487.33,476.33444012796576,490.9992521321336
2025-01-02,463.8500061035156,466.3500061035156,460.0499877929688,463.0499877929688,63789.0,41.336375735994,-8.440360196427036,-6.919719340984658,-1.5206408554423785,480.7324981689453,486.42299987792967,475.1454464113515,489.93457581728586
2025-01-03,464.8999938964844,473.5,462.75,467.0,119597.0,42.044118710322756,-8.2075602479228,-7.1772875223722865,-1.030272725550513,478.58249816894534,485.7159997558594,474.1696890289832,488.9528275066662
2025-01-06,458.7999877929688,473.5499877929688,456.0,469.1000061035156,371788.0,39.093317796007796,-8.418243849256328,-7.425478787749094,-0.9927650615072334,476.1399978637695,484.67199951171875,472.7059079588866,487.7703632041683
2025-01-07,459.7000122070313,463.25,452.3500061035156,456.1000061035156,293442.0,39.76504349034839,-8.415578126680714,-7.6234986555354185,-0.7920794711452954,473.74749908447274,483.74299987792966,471.4672512206146,486.6695651258492
2025-01-08,452.1000061035156,459.6000061035156,450.4500122070313,459.6000061035156,88613.0,36.14040750633174,-8.923853866519494,-7.883569697732234,-1.0402841687872595,470.7125000000001,482.8979998779297,469.6227516856528,485.31389614458124
2025-01-09,445.1499938964844,455.6499938964844,444.0,455.6499938964844,120696.0,33.163410283963344,-9.774796187848438,-8.261814995755476,-1.512981192092962,468.0324996948243,481.94099975585937,467.29201284858914,483.7388411544598
2025-01-10,429.5,445.7000122070313,426.5499877929688,445.2000122070313,185525.0,27.641808029955115,-11.578527762536794,-8.92515754911174,-2.6533702134250543,465.4500000000001,480.7929998779297,463.6927735296759,481.6118277758535
2025-01-13,406.75,427.7000122070313,404.3999938964844,420.0,249776.0,21.926630291952847,-14.674573551679714,-10.075040749625334,-4.59953280205438,461.8149993896485,479.19,458.26965224113536,478.6760698238592
2025-01-14,398.0499877929688,410.25,392.25,406.75,382897.0,20.206075854377005,-17.627036912376184,-11.585439982175505,-6.041596930200679,457.2074981689454,477.25199951171874,452.53444610321475,475.5142626853929
2025-01-15,406.3999938964844,414.5499877929688,396.8999938964844,400.0,176148.0,26.192259661329544,-19.073245190563,-13.083001023853004,-5.990244166709996,453.1574981689454,475.30699951171874,448.1406887501928,472.80389920347494
2025-01-16,412.7000122070313,419.1000061035156,407.5,407.5,117863.0,30.43282992345111,-19.486389871599556,-14.363678793402315,-5.122711078197241,449.85249938964853,473.87199951171874,444.76538622227264,470.4468840271438
2025-01-17,413.8500061035156,417.2000122070313,408.6000061035156,413.9500122070313,46941.0,31.209769997471184,-19.49627419837185,-15.390197874396222,-4.106076323975628,447.1375000000001,472.41199951171876,441.8210643062006,468.2273986183741
2025-01-20,412.4500122070313,417.2999877929688,409.7999877929688,417.0,96575.0,30.759392963683908,-19.393518990880352,-16.19086209769305,-3.202656893187303,444.0175003051759,470.7179998779297,439.02382124913686,466.04005013165477
2025-01-21,406.1499938964844,417.8500061035156,404.2999877929688,412.5499877929688,89273.0,28.748879682878794,-19.594569573990384,-16.871603592952518,-2.7229659810378664,441.11250000000007,468.5290002441406,435.8929805488843,463.6914204753736
2025-01-22,400.1000061035156,405.0499877929688,394.7000122070313,402.1499938964844,117513.0,26.928591325603335,-20.011408007786372,-17.49956447591929,-2.5118435318670826,437.6199996948243,466.2629998779297,432.48412583980155,461.1976395196145
2025-01-23,395.3500061035156,404.1000061035156,392.25,401.8999938964844,212496.0,25.56020898454169,-20.488857971497907,-18.09742317503501,-2.391434796462896,433.96750030517586,464.235,428.94754300777436,458.6153793856498
2025-01-24,395.1499938964844,399.0,388.2999877929688,397.1499938964844,93082.0,25.501445681015085,-20.645392586687592,-18.60701705736553,-2.038375529322064,430.13500061035165,462.3479998779297,425.7287288066991,456.1265407390159
2025-01-27,382.1000061035156,397.75,380.0499877929688,395.1499938964844,141497.0,21.954857856577135,-21.573783205016753,-19.200370286895776,-2.3734129181209767,426.4800003051758,460.4959997558594,421.5736123587769,453.223539380761
2025-01-28,387.4500122070313,394.3500061035156,369.8500061035156,390.0,307388.0,26.469685704584506,-21.628518579153592,-19.68599994534734,-1.9425186338062517,422.67750091552733,458.7929998779297,418.32374567765834,450.6441853739481
2025-01-29,404.0,408.0,385.5499877929688,387.4500122070313,130855.0,38.35065491136611,-20.104696628634713,-19.769739282004814,-0.3349573466298992,419.7250015258789,457.48799987792967,416.9595794226433,448.81500163379326
2025-01-30,411.2999877929688,414.7999877929688,402.7999877929688,404.0,126206.0,42.745130126647815,-18.09937047162515,-19.435665519928882,1.3362950483037324,417.0975006103516,456.3279998779297,416.42057069600764,447.34382462042765
2025-01-31,418.1499938964844,424.0,406.75,410.8500061035156,83034.0,46.592255149972665,-15.775546124153436,-18.703641640773796,2.9280955166203597,414.76000061035154,455.5929998779297,416.5852776674816,446.19896851360636
2025-02-01,404.7999877929688,423.7999877929688,400.1000061035156,419.0,122566.0,40.83365048745657,-14.840065471296214,-17.930926406878278,3.0908609355820644,412.06000061035155,454.46399963378906,415.46286910800416,444.5754790735814
2025-02-03,397.5499877929688,405.7999877929688,389.1000061035156,405.7999877929688,221205.0,38.080987990136,-14.51636905699155,-17.248014936900933,2.731645879909383,408.95249938964844,452.73999938964846,413.7568804113341,442.7313421606162
2025-02-04,408.2000122070313,413.8500061035156,392.1499938964844,402.7999877929688,267775.0,44.04788505858251,-13.247757450850543,-16.447963439690856,3.200205988840313,406.7574996948243,451.31199951171874,413.2276548680672,441.3771723585148
2025-02-05,401.7999877929688,410.7000122070313,398.0,408.2000122070313,161418.0,41.46210497735197,-12.613402642023061,-15.681051280157297,3.0676486381342354,404.5899993896485,449.5659991455078,412.13930562281973,439.825125904964
2025-02-06,396.2999877929688,401.8500061035156,392.1000061035156,401.0,142187.0,39.32558266276964,-12.411404969670855,-15.027122018060009,2.615717048389154,402.9299987792969,447.7179986572266,410.6307991628339,438.1182577437093
2025-02-07,396.0499877929688,401.0,391.0499877929688,398.75,107426.0,39.2266364538035,-12.131647192532569,-14.448027052954522,2.3163798604219537,402.39499816894534,445.7409985351562,409.242150460942,436.4685216672097
2025-02-10,393.5,398.8999938964844,387.25,398.8999938964844,71070.0,38.17164806352027,-11.977629188885771,-13.953947480140773,1.9763182912550015,402.1674987792969,443.7279986572266,407.7428980360904,434.78348160182895
2025-02-11,373.6000061035156,392.8500061035156,372.0,389.6000061035156,134450.0,31.13435009961259,-13.30792651464975,-13.824743287042569,0.5168167723928185,400.5274993896485,441.14599853515625,404.49119404251184,432.38412962150295
2025-02-12,368.7999877929688,379.9500122070313,358.75,374.0,173750.0,29.711484078974237,-14.581432415566553,-13.976081112747366,-0.6053513028191873,398.33249816894534,438.30699829101565,401.09203154255533,429.89063386352126
2025-02-13,358.6000061035156,369.1499938964844,355.0,366.3500061035156,169675.0,26.898346520717283,-16.226697032075208,-14.426204296612935,-1.8004927354622726,395.56999816894535,435.32099853515626,397.0451719769325,427.094922970972
2025-02-14,358.5,364.8500061035156,347.04998779296875,358.8500061035156,292096.0,26.871482559638693,-17.338780087089447,-15.008719454708238,-2.3300606323812083,392.8724975585938,432.33799865722654,393.3742032172247,424.4049259917182
2025-02-17,356.54998779296875,359.20001220703125,345.0,353.95001220703125,179840.0,26.319509646499455,-18.168033823777364,-15.640582328522065,-2.527451495255299,390.392497253418,429.31799865722655,389.8671350815813,421.74394802313975
2025-02-18,346.6000061035156,356.54998779296875,344.20001220703125,356.54998779296875,121310.0,23.65002527744832,-19.40442165739205,-16.39335019429606,-3.0110714630959876,387.717497253418,425.9939990234375,385.74645613128934,418.7971267713898
2025-02-19,352.6000061035156,362.0,342.04998779296875,348.95001220703125,452003.0,28.368149909464663,-19.673336095040042,-17.04934737444486,-2.6239887205951824,385.579997253418,423.0709991455078,382.5896513667394,416.2011612550026
2025-02-20,356.3999938964844,358.45001220703125,345.1499938964844,352.04998779296875,143678.0,31.265179611499917,-19.356693553074024,-17.510816610170693,-1.845876942903331,383.642497253418,420.5759991455078,380.0953982743342,413.8560174370215
2025-02-21,355.1000061035156,367.7000122070313,351.0,356.3999938964844,284401.0,30.80616535129009,-18.99172541902891,-17.80699837194234,-1.1847270470865716,382.292497253418,418.0889990234375,377.7148847342562,411.5518601298252
2025-02-24,349.20001220703125,353.0,338.1499938964844,353.0,256735.0,28.743619212834247,-18.960006588724184,-18.037600015298707,-0.9224065734254765,380.379997253418,415.2689990234375,374.9991825888062,409.10668962304896
2025-02-25,340.95001220703125,351.0,340.0,349.20001220703125,220556.0,26.111063005784104,-19.377206860266426,-18.305521384292252,-1.0716854759741743,377.2274978637696,412.3399993896484,371.7564044572086,406.43387874398945
2025-02-27,331.54998779296875,342.95001220703125,329.0,340.25,164671.0,23.473112743745773,-20.23310979709487,-18.691039066852777,-1.5420707302420915,373.2399978637696,409.39499938964843,367.92722191775715,403.4972555694397
2025-02-28,316.8500061035156,338.8999938964844,315.0,330.25,504517.0,20.0600346559589,-21.845760383260483,-19.32198333013432,-2.523777053126164,368.17499847412114,406.3689996337891,363.0627251735437,400.0993242178348
2025-03-03,310.6499938964844,322.04998779296875,303.0,315.04998779296875,363635.0,18.817260076178172,-23.354866398814238,-20.128559943870304,-3.226306454943934,363.46749877929693,403.08499938964843,358.0710364804904,396.5915073424878
2025-03-04,315.04998779296875,319.70001220703125,303.5,310.04998779296875,226228.0,22.48735625094153,-23.920065428958083,-20.88686104088786,-3.033204388070221,359.3424987792969,400.1009991455078,353.9737937483455,393.39380069348704
2025-03-05,322.3500061035156,323.95001220703125,311.79998779296875,314.8999938964844,232332.0,28.28041665647895,-23.50795420069136,-21.41107967284856,-2.0968745278427967,355.0499984741211,397.1489990234375,350.9620044488379,390.60776953309596
2025-03-06,330.95001220703125,332.8500061035156,320.6499938964844,325.0,250200.0,34.49183048767493,-22.23113774634794,-21.57509128754844,-0.6560464587995014,351.5074996948242,394.3999993896484,349.05610042580867,388.26824963795616
2025-03-07,343.54998779296875,347.29998779296875,327.75,331.1000061035156,327309.0,42.36731349566085,-19.972310417755068,-21.254535113589764,1.282224695834696,348.86999969482423,391.83499938964843,348.5317087464906,386.51459231070174
2025-03-10,321.04998779296875,348.1499938964844,318.29998779296875,341.70001220703125,322910.0,34.41152614423035,-19.769841024495747,-20.957596295770962,1.1877552712752149,345.11999969482423,389.15199890136716,345.91440198901233,383.94735291784946
2025-03-11,316.04998779296875,319.75,309.1000061035156,315.54998779296875,394326.0,32.93160913460699,-19.784774223229874,-20.723031881262745,0.938257658032871,341.2474990844727,386.20299865722654,343.0701720655796,381.2847111482463
2025-03-12,305.0,318.0,303.54998779296875,316.0,356340.0,29.873863866257096,-20.452487017993747,-20.66892290860895,0.21643589061520174,337.8174987792969,383.0419989013672,339.4444413926672,378.29315384831506
2025-03-13,309.29998779296875,313.45001220703125,302.20001220703125,308.0,523718.0,32.50037833234998,-20.399528078634603,-20.615043942614083,0.21551586397947986,334.8424987792969,379.95099853515626,336.5735410498388,375.58753949320345
2025-03-17,301.3500061035156,311.3500061035156,300.0,309.29998779296875,281051.0,30.244914647241032,-20.759749351188418,-20.64398502432895,-0.11576432685946969,331.97999877929686,376.67999877929685,333.21891867399853,372.676263674
2025-03-18,301.3500061035156,301.3500061035156,301.3500061035156,301.3500061035156,0.0,30.244914647241032,-20.80539565474271,-20.676267150411704,-0.12912850433100687,329.1224990844727,373.5309991455078,330.1837841434764,369.87915553398096
2025-03-19,327.45001220703125,348.54998779296875,317.79998779296875,318.0,8391058.0,44.82429750982183,-18.522008133261295,-20.245415346981623,1.7234072137203285,327.6675003051758,370.8859991455078,329.923424911434,368.2152675603751
2025-03-20,329.29998779296875,333.5,321.5,333.5,693210.0,45.690754691616085,-16.374375890108297,-19.471207455606958,3.096831565498661,326.80249938964846,368.42999877929685,329.8640499477706,366.6891781577317
2025-03-21,339.3500061035156,344.0,324.5,327.5,1343833.0,50.26044404384853,-13.70344459916015,-18.317654884317598,4.614210285157448,326.13999938964844,366.3139990234375,330.7674743435558,365.6170537634487
2025-03-24,335.75,346.04998779296875,334.1499938964844,340.0,594787.0,48.68033331987646,-11.741849976627577,-17.002493902779594,5.260643926152017,325.10749969482424,364.4389990234375,331.2420005965505,364.4457967531174
2025-03-25,326.5,338.6499938964844,322.6000061035156,336.0,388249.0,44.784403108472766,-10.809069574624743,-15.763809037148626,4.954739462523882,323.67749938964846,362.8339990234375,330.7903814921171,362.95772629221085
2025-03-26,314.3500061035156,328.0,311.20001220703125,326.70001220703125,407402.0,40.23004520661685,-10.924308720642614,-14.795908973847425,3.871600253204811,321.9349990844727,361.1599993896484,329.22463145510744,361.05154118677183
2025-03-27,315.6000061035156,365.0,290.75,313.0,1893378.0,40.89598654620427,-10.790387154466998,-13.99480460997134,3.204417455504341,320.66749877929686,359.34399963378905,327.92704808828915,359.269128046252
2025-03-28,299.04998779296875,321.6499938964844,297.0,317.95001220703125,916040.0,35.289712565771836,-11.882724856401921,-13.572388659257458,1.6896638028555362,319.04249877929686,357.0709991455078,325.1768518696872,356.90759313435854
2025-04-01,302.3500061035156,311.0,297.1000061035156,297.6000061035156,442549.0,37.1401297934003,-12.339880001448023,-13.325886927695572,0.9860069262475495,318.3174987792969,354.8409991455078,323.0028665586232,354.7680799174627
2025-04-02,305.20001220703125,307.54998779296875,293.1000061035156,305.6499938964844,330334.0,38.76861764168496,-12.330073659520508,-13.12672427406056,0.7966506145400523,318.04499969482424,352.6959991455078,321.30735662037637,352.8242341248968
2025-04-03,313.79998779296875,315.0,305.5,306.8999938964844,678346.0,43.52324908268465,-11.495839029678905,-12.80054722518423,1.3047081955053255,317.98249969482424,350.8489990234375,320.5923691130042,351.2938715236447
2025-04-04,300.25,312.1499938964844,296.0,312.04998779296875,576699.0,38.45640185342585,-11.792140394003638,-12.598865858948113,0.8067254649444742,316.87749938964845,348.8519989013672,318.65500062605145,349.29215107173707
2025-04-07,294.20001220703125,296.0,278.70001220703125,288.0,399339.0,36.417808575098775,-12.37252208009022,-12.553597103176536,0.18107502308631496,315.0399993896484,346.8289990234375,316.3259541099543,347.13167503782705
2025-04-08,295.75,300.45001220703125,291.04998779296875,296.95001220703125,218838.0,37.33434553561766,-12.562593923823385,-12.555396467305908,-0.007197456517477718,312.65,344.8409991455078,314.36633943281583,345.11670738928484
2025-04-09,285.0,294.75,282.3999938964844,294.0,461919.0,33.70541210062474,-13.425897004539365,-12.7294965747526,-0.696400429786765,310.8475006103516,342.8989990234375,311.5695452011191,342.7591894524502
2025-04-11,293.45001220703125,294.79998779296875,282.20001220703125,289.20001220703125,777768.0,38.74554185703958,-13.275197338960652,-12.838636727594212,-0.4365606113664402,309.7175018310547,341.0189990234375,309.8438753921584,340.8254962271397
2025-04-15,313.75,315.75,294.29998779296875,294.79998779296875,397119.0,48.81351548143392,-11.386471254649848,-12.54820363300534,1.1617323783554916,310.1550018310547,339.2139990234375,310.2158872595719,339.7637120613695
2025-04-16,314.0,319.1000061035156,307.8500061035156,314.0,532110.0,48.92485335032269,-9.756996729851835,-11.98996225237464,2.2329655225228056,310.39000244140624,337.26799926757815,310.5762789491365,338.75337041190403
2025-04-17,319.04998779296875,320.0,311.8500061035156,314.0,170026.0,51.23241774447602,-7.966304024888984,-11.18523060687751,3.2189265819885264,311.2750015258789,335.2859991455078,311.3832988390253,337.98068874057327
2025-04-21,326.20001220703125,327.29998779296875,315.54998779296875,321.8500061035156,334951.0,54.375421851867024,-5.902183245521201,-10.12862113460625,4.22643788908505,312.5175018310547,333.71399963378906,312.79441439788303,337.5187014255324
2025-04-22,328.5,331.6000061035156,324.29998779296875,327.0,183760.0,55.37180356697386,-4.0342584434945366,-8.909748596383908,4.8754901528893715,312.57000122070315,332.3329998779297,314.2901844552275,337.1650268598253
2025-04-23,332.20001220703125,335.6499938964844,326.6000061035156,330.20001220703125,239134.0,56.998739252457405,-2.2296524716193744,-7.573729371431002,5.344076899811627,312.7150024414062,330.8129998779297,315.9958823363517,336.97032040285296
2025-04-24,337.1000061035156,339.70001220703125,330.04998779296875,334.0,241160.0,59.12397341127761,-0.39949554497059125,-6.138882606138919,5.739387061168328,312.6025024414063,329.5190002441406,318.0057988856054,336.97540611660446
2025-04-25,338.3999938964844,342.0,320.70001220703125,340.0,690570.0,59.69313171148474,1.1426434727257515,-4.682577390365986,5.8252208630917375,312.7350021362305,328.36100036621093,319.9481031723558,337.03127230405073
2025-04-28,334.45001220703125,337.79998779296875,327.0,336.6499938964844,351405.0,57.09189800168549,2.0227522153779205,-3.3415114692172048,5.364263684595125,313.132502746582,327.1290008544922,321.3292373661344,336.9300464178931
2025-04-29,341.3999938964844,348.79998779296875,335.1000061035156,338.6000061035156,431363.0,60.36463518409978,3.243659288518984,-2.024477317669967,5.268136606188951,314.4850021362305,326.08700073242187,323.2407379880725,337.1053384758771
2025-04-30,341.3999938964844,347.20001220703125,336.20001220703125,343.0,423914.0,60.36463518409978,4.163245635982548,-0.7869327269394639,4.950178362922012,315.7750015258789,325.44300048828126,324.97019093173077,337.2737563355088
2025-05-02,350.1000061035156,351.5,339.6000061035156,341.3999938964844,390042.0,64.31603110160522,5.530292943120571,0.47651240707254316,5.053780536048028,318.32750244140624,325.0690008544922,327.36350666237695,337.7767465224895
2025-05-05,349.5,354.5,344.6499938964844,353.0,189382.0,63.843311531364016,6.490454386972431,1.6793008030525207,4.81115358391991,320.6850021362305,324.8870007324219,329.47174412310295,338.23648195298006
2025-05-06,330.0,352.6499938964844,328.29998779296875,348.0,931831.0,50.78030181478476,5.613196778742747,2.4660799981905663,3.1471167805521807,321.9250015258789,324.3170007324219,329.522054206617,337.91348266070634
2025-05-07,324.95001220703125,333.8999938964844,322.0,322.0,447647.0,48.038968057002315,4.459070603297619,2.864678119211977,1.5943924840856418,322.48250274658204,323.6850012207031,329.08662163522786,337.40511127036615
2025-05-08,316.0,331.3999938964844,311.3500061035156,327.45001220703125,373545.0,43.551627711242375,2.7900639866096526,2.849755292691512,-0.05969130608185935,323.270002746582,323.0730010986328,327.8402767175871,336.5656951421165
2025-05-09,305.6499938964844,314.45001220703125,302.75,307.04998779296875,1625678.0,39.01317047478616,0.6250006064555578,2.404804355444321,-1.7798037489887633,323.8425018310547,322.1340008544922,325.72691644891063,335.35331470111134
2025-05-12,308.04998779296875,330.6000061035156,307.1000061035156,318.70001220703125,992151.0,40.559980626163686,-0.8869441310562252,1.7464546581442117,-2.633398789200437,324.45750122070314,321.16700073242185,324.043399434059,334.28259599883125
2025-05-13,313.6499938964844,322.04998779296875,308.1499938964844,312.0,912070.0,44.12129518181478,-1.6146844598114285,1.0742268345530839,-2.6889112943645124,325.89000091552737,320.33800048828124,323.0535512876233,333.47347434775884
2025-05-14,298.50244140625,300.98309326171875,290.2796325683594,292.98992919921875,434669.0,37.565065083981835,-3.3748021871476226,0.18442103021294254,-3.5592232173605654,326.14262237548826,319.3240490722656,320.71535034654016,332.1020612912291
2025-05-15,307.3224792480469,311.1812438964844,297.35400390625,300.84527587890625,349136.0,42.88682080800428,-4.011759756089361,-0.6548151270475182,-3.356944629041843,325.8212463378906,318.65149841308596,319.4398388133503,331.1303129758102
2025-05-16,318.76092529296875,320.6443786621094,305.4849548339844,308.2412109375,280209.0,48.96253868304056,-3.5526138961942024,-1.234374880876855,-2.3182390153173476,326.0592926025391,318.3957171630859,319.37518038283775,330.64523894903215
2025-05-19,322.9412536621094,334.0581359863281,313.38623046875,321.2875061035156,1247697.0,51.01353743199451,-2.8189251172999548,-1.5512849281614751,-1.2676401891384796,326.2538558959961,318.5175421142578,319.714806409435,330.34312187895677
2025-05-20,324.91656494140625,330.06158447265625,316.32623291015625,326.1568908691406,555891.0,51.995219038257126,-2.0543985347204057,-1.6519076494732614,-0.40249088524714427,326.18968353271487,318.80287353515627,320.2102119839085,330.13031572454304
2025-05-21,323.125,327.994384765625,319.3581237792969,326.9837646484375,446279.0,50.997011159790006,-1.5749153837548988,-1.636509196329589,0.06159381257469021,325.92093353271486,318.96437377929686,320.4878108425839,329.8555974608355
2025-05-22,336.30908203125,340.53533935546875,323.400634765625,324.3193664550781,798518.0,57.46806156076295,-0.12958254920926038,-1.3351238669055234,1.205541317696263,326.12638702392576,319.2435552978516,321.99459857483777,330.10867528712623
2025-05-23,340.5,345.25,330.1000061035156,345.25,977306.0,59.307602420406475,1.3385956924486209,-0.8003799550346946,2.1389756474833153,326.29638671875,319.43455505371094,323.7570177581866,330.51617821704286
2025-05-26,339.1000061035156,345.8999938964844,338.3999938964844,342.95001220703125,268236.0,58.39894345163479,2.3619427140570224,-0.16791542121635117,2.5298581352733738,326.3313873291016,319.3455554199219,325.218254743456,330.8527989184732
2025-05-27,337.0,344.0,335.0,337.6000061035156,227704.0,56.988496211867634,2.969271743081663,0.4595220116432516,2.5097497314384114,326.45888671875,319.6645556640625,326.3403257202697,331.09386562755265
2025-05-28,337.5,340.3500061035156,335.0,335.29998779296875,142921.0,57.25321783321104,3.4511475151883246,1.0578471123522664,2.3933004028360583,326.2638870239258,320.09355590820314,327.40315184214876,331.34508658333493
2025-05-29,335.45001220703125,341.6000061035156,334.6499938964844,337.0,101865.0,55.73851942268719,3.625824407112759,1.571442571304365,2.0543818358083943,325.9663879394531,320.70255615234373,328.1695194959471,331.50606405877403
2025-05-30,346.8999938964844,348.75,331.3999938964844,334.1000061035156,655256.0,61.81506217094929,4.634748438324834,2.184103744708459,2.4506446936163755,325.80638732910154,321.4545562744141,329.95337420076015,332.10974758182147
2025-06-02,338.25,347.0,336.1000061035156,346.79998779296875,470056.0,55.60443132505899,4.682370334987127,2.6837570627641925,1.9986132722229342,325.24388732910154,322.19255615234374,330.743529038783,332.35054179429903
2025-06-03,334.45001220703125,344.3500061035156,333.54998779296875,339.95001220703125,333880.0,53.08133225326217,4.363187662733708,3.0196431827580956,1.3435444799756122,325.4663879394531,322.85455627441405,331.09652743575896,332.43287396734735
2025-06-04,330.29998779296875,339.5,329.6000061035156,336.0,334496.0,50.392028401282325,3.7323367535759644,3.1621818969216697,0.5701548566542947,325.73388671875,322.9115557861328,331.020666517398,332.3492313722737
2025-06-05,326.95001220703125,333.29998779296875,326.0,331.5,462543.0,48.26625327642956,2.9283120714137567,3.115407931820087,-0.18709586040633042,326.28138732910156,322.86455627441404,330.63298515450595,332.1374972873623
2025-06-06,337.79998779296875,339.8999938964844,327.1000061035156,328.8999938964844,1321328.0,54.90193025888726,3.1305322438524854,3.118432794226567,0.012099449625918357,327.8888870239258,322.83355590820315,331.31555683435954,332.3595557385625
2025-06-09,350.70001220703125,352.8999938964844,341.5,345.0,1058294.0,61.26367418689424,4.282353047382344,3.3512168448577224,0.9311362025246215,330.0213882446289,323.13255615234374,333.1616954412807,333.07878932556133
2025-06-10,352.45001220703125,361.8500061035156,350.6000061035156,354.1000061035156,824468.0,62.04585938319113,5.275576149323001,3.7360887057507783,1.5394874435722228,331.9613891601563,323.65155639648435,334.9986779903998,333.83844512483466
2025-06-11,351.8500061035156,357.0,349.79998779296875,353.5,554739.0,61.58668222206954,5.945758136610664,4.178022591922756,1.7677355446879082,334.6287673950195,324.40155639648435,336.6035663821251,334.5447808494888
2025-06-12,345.8999938964844,352.75,344.5,350.0,325705.0,57.07575316167403,5.928426718265314,4.528103417191268,1.400323301074046,336.5576431274414,325.00755615234374,337.4889404311117,334.99008332192
2025-06-13,358.95001220703125,361.9500122070313,340.54998779296875,341.95001220703125,704960.0,63.40657629659703,6.888314654952694,5.000145664743553,1.8881689902091408,338.56709747314454,326.205556640625,339.53285202881835,335.9296883762381
2025-06-16,362.75,364.2999877929688,355.0,359.0,452917.0,65.0242121601868,7.864997225244338,5.57311597684371,2.2918812484006272,340.5575347900391,327.4135565185547,341.7440089784547,336.9814653026602
2025-06-17,360.9500122070313,369.2999877929688,359.45001220703125,364.6000061035156,337873.0,63.59024158685528,8.396985999392768,6.137889981353522,2.259096018039246,342.3592071533203,328.5285565185547,343.5731521430811,337.9214083185179
2025-06-18,363.1499938964844,363.8999938964844,358.0,360.1000061035156,209509.0,64.61728886701948,8.893591287705988,6.689030242624016,2.204561045081972,344.3604568481445,329.515556640625,345.4376132624528,338.91076461569304
2025-06-19,360.1000061035156,368.5,355.1000061035156,363.6000061035156,315733.0,62.00591254875106,8.93801416785459,7.138827027670131,1.7991871401844586,345.5500030517578,330.7125567626953,346.83403162826835,339.74171526227434
2025-06-20,356.95001220703125,358.6499938964844,344.3500061035156,345.5,918675.0,59.338715133519486,8.619679142976793,7.434997450731464,1.184681692245329,346.37250366210935,331.9675567626953,347.7974583500553,340.4165504365785
2025-06-23,357.3500061035156,360.1499938964844,351.1499938964844,352.0,244788.0,59.576500052329,8.303949743228259,7.6087879092308235,0.6951618339974353,347.2850036621094,333.1995568847656,348.70722480276584,341.08060752155643
2025-06-24,361.25,367.9500122070313,359.95001220703125,364.7999877929688,350444.0,61.91507635312007,8.273062122709234,7.7416427519265065,0.5314193707827277,348.49750366210935,334.7245568847656,349.9017748215501,341.87156408933856
2025-06-25,367.6000061035156,369.0,361.7999877929688,363.0,328226.0,65.42263121069362,8.661135703235914,7.925541342188389,0.7355943610475251,350.0025039672852,336.20755676269533,351.58732065792776,342.88052259969845
2025-06-26,361.2000122070313,373.2999877929688,359.3999938964844,368.7000122070313,225578.0,59.47709247127082,8.355938730957575,8.011620819942227,0.3443179110153487,351.29000396728514,337.15655700683595,352.50281509117576,343.5989339568488
2025-06-27,352.6000061035156,377.8999938964844,351.04998779296875,374.8999938964844,1581592.0,52.56423732318321,7.335559548055016,7.876408565564785,-0.5408490175097684,351.5750045776367,337.9285571289063,352.51207137806523,343.95191717828675
2025-06-30,361.2999877929688,362.75,353.0,355.0,352981.0,57.89561356491778,7.146536681428984,7.730434188737625,-0.5838975073086417,352.72750396728514,338.77355712890625,353.34901579853226,344.63223367298013
2025-07-01,361.8999938964844,367.2999877929688,358.29998779296875,361.0,395066.0,58.244169580838076,6.964863564194047,7.57732006382891,-0.6124564996348631,354.1000030517578,339.4875567626953,354.1633946650039,345.30940074056855
2025-07-02,364.6000061035156,365.7999877929688,360.2999877929688,362.3500061035156,146857.0,59.85472053049738,6.958541000947662,7.453564251252661,-0.4950232503049996,355.8150039672852,340.2095568847656,355.1573576591479,346.06589506852725
2025-07-03,360.25,367.0,358.70001220703125,367.0,134527.0,56.10039372403683,6.52727877930954,7.268307156864038,-0.7410283775544979,357.4800033569336,340.770556640625,355.64237121541953,346.6221344776046
2025-07-04,361.5499877929688,364.5,359.0,360.3999938964844,96621.0,56.96905143268246,6.218713058897606,7.0583883372707525,-0.8396752783731465,358.6675033569336,341.2595562744141,356.2050013656623,347.20754048997185
2025-07-07,361.0,368.2999877929688,358.29998779296875,364.2000122070313,275432.0,56.460039817749106,5.862217094361938,6.8191540886889905,-0.9569369943270525,359.18250274658203,341.71155639648435,356.6616679022659,347.748421255071
2025-07-08,363.6000061035156,365.0499877929688,355.29998779296875,361.6000061035156,136222.0,58.35440530465719,5.723513140725686,6.60002589909633,-0.8765127583706445,359.74000244140626,342.29455627441405,357.32246201667067,348.37005203344137
2025-07-09,364.25,367.0499877929688,361.5,364.3999938964844,124513.0,58.83658260660561,5.601468095964151,6.4003143384698955,-0.7988462425057445,360.3600021362305,342.7515563964844,357.9822275388925,348.9927950909535
2025-07-10,360.1000061035156,366.2999877929688,358.1000061035156,364.0,136326.0,54.49806245136204,5.110960720480307,6.142443614871978,-1.0314828943916714,361.070002746582,343.125556640625,358.18392073552326,349.4283719934069
2025-07-11,360.0,362.9500122070313,355.6000061035156,361.2999877929688,116411.0,54.39397252794225,4.660437808689892,5.846042453635562,-1.1856046449456699,361.1225021362305,343.3235565185547,358.3568806654734,349.84294564072434
